73.80
74.10
74.50
74.60
75.00
68.20
68.40
78.20
78.20
78.10
78.40
78.40
78.60
78.60
78.80
79.20
79.50
79.60
79.00
69.00
69.50
78.80
79.10
79.40
79.90
80.40
80.90
63.60
53.00
53.00
69.40
84.40
84.30
56.30
55.80
47.80
66.10
71.50
71.40
77.80
83.20
83.30
74.20
53.40
53.40
53.40
53.40
53.50
53.60
53.60
53.60
61.90
82.50
82.00
57.60
57.10
56.60
56.30
56.00
55.70
55.50
55.30
55.10
55.00
54.80
54.70
54.60
54.40
54.40
53.90
53.90
53.90
53.90
53.90
53.90
53.90
53.80
53.80
53.80
53.80
48.40
48.90
49.40
49.30
49.40
49.90
50.40
50.90
51.30
51.60
52.00
52.20
52.40
52.60
52.80
52.90
53.10
53.20
53.10
52.70
52.60
52.10
52.00
76.10
83.80
78.20
45.10
54.00
54.00
54.00
54.00
54.00
54.10
54.10
54.10
54.20
54.30
54.20
54.20
54.30
54.30
54.30
54.30
54.30
54.30
54.30
54.30
54.40
54.40
54.40
54.40
54.40
54.40
54.50
54.50
54.60
54.60
54.60
54.60
54.60
54.60
54.60
54.60
54.60
54.60
54.60
54.60
54.60
54.60
54.60
54.70
54.60
54.60
54.60
54.60
54.60
54.60
54.60
54.60
54.60
54.40
54.40
54.40
54.50
54.50
54.50
54.60
54.60
54.60
54.60
54.60
54.70
54.70
54.70
54.70
54.70
54.70
54.70
54.70
54.80
54.80
54.80
54.80
54.80
54.80
54.90
54.90
54.80
54.80
54.80
54.80
54.80
54.80
54.80
54.80
54.90
54.80
54.80
54.90
54.80
54.80
54.80
54.90
54.90
54.80
54.80
54.80
54.40
54.00
54.20
53.60
53.40
53.60
53.80
54.00
54.10
54.20
54.20
54.30
54.40
54.40
54.50
54.00
54.20
54.30
54.30
54.40
54.50
54.60
54.60
54.70
54.70
54.70
54.80
54.90
54.90
54.90
54.90
54.90
55.00
55.00
55.00
55.00
55.00
55.10
55.10
55.10
55.10
55.10
55.10
55.10
55.10
55.10
55.10
55.10
55.10
55.10
55.10
55.10
55.10
55.10
55.00
55.00
55.00
55.10
55.10
55.00
55.20
54.60
54.00
53.80
53.90
54.10
54.20
54.30
54.40
54.50
54.60
54.70
54.70
54.60
49.50
49.50
49.80
55.10
55.00
55.10
55.10
55.10
55.10
55.10
55.10
55.10
55.10
55.10
55.20
55.20
55.10
55.20
55.10
54.90
49.70
49.70
55.30
55.30
55.30
55.20
55.20
55.20
55.20
55.20
55.20
55.20
55.20
55.20
55.20
55.20
55.20
55.30
55.20
55.20
55.20
55.20
55.30
55.30
55.30
55.30
55.30
55.40
55.40
55.40
55.40
55.40
55.40
55.40
55.40
55.40
55.30
55.30
55.30
55.30
55.30
55.30
55.30
55.30
55.30
55.30
55.30
55.30
55.30
55.40
55.40
55.40
55.40
55.40
55.40
55.40
55.40
55.40
55.40
55.40
55.00
54.70
54.70
54.80
54.90
55.00
55.00
55.10
55.10
55.20
55.20
55.30
55.30
55.30
55.30
55.30
55.30
55.40
55.30
55.30
55.30
54.80
54.90
55.10
55.10
55.10
55.20
55.20
54.70
54.20
53.70
53.20
52.80
52.60
52.90
53.20
53.50
53.70
53.90
54.10
54.30
54.50
54.60
54.70
54.80
54.90
55.00
55.10
55.10
55.20
55.20
55.20
55.10
54.60
54.60
54.70
54.80
54.90
55.00
54.60
54.20
54.40
54.60
54.70
54.80
54.90
55.00
55.10
55.10
55.20
55.20
55.30
55.40
55.40
55.40
55.40
55.50
55.50
55.60
55.60
55.60
55.60
55.70
55.70
55.30
55.40
55.40
54.80
54.30
54.20
54.30
54.50
54.60
54.70
54.80
54.90
55.00
55.10
55.10
55.20
55.30
54.70
54.20
54.30
54.50
54.60
54.80
54.90
54.90
55.00
55.10
55.20
55.20
55.30
55.40
55.40
55.40
55.40
55.50
55.50
55.50
55.60
55.60
55.70
55.70
55.70
55.70
55.70
55.20
55.20
55.30
55.40
55.50
55.60
55.60
55.60
55.60
55.60
55.70
50.30
50.40
