32.40
49.30
49.30
49.40
49.40
49.50
49.60
49.60
49.60
49.60
49.60
49.70
49.70
49.70
49.80
49.80
49.90
49.90
49.90
49.90
50.00
50.00
50.10
50.10
50.10
50.20
50.20
50.20
50.20
50.30
50.30
50.30
50.40
50.50
50.60
50.50
50.60
50.60
50.50
50.60
50.60
50.60
50.70
50.70
50.70
50.70
50.70
50.80
50.80
50.90
50.90
51.00
51.00
51.10
51.10
51.10
51.10
51.20
51.20
51.20
51.20
51.20
51.20
51.30
51.30
51.30
51.40
51.40
51.40
51.40
51.40
51.40
51.40
51.50
51.30
51.30
51.30
51.40
51.40
51.40
51.40
51.30
51.30
51.30
51.30
51.40
51.40
51.30
51.40
51.40
51.40
51.40
51.40
51.40
51.40
51.40
51.40
51.40
51.40
51.40
51.40
51.40
51.40
51.40
51.50
51.40
51.50
51.50
51.50
51.40
51.50
51.50
51.50
51.50
51.50
51.50
51.50
51.50
51.50
51.60
51.50
51.50
51.60
51.60
51.60
51.60
51.60
51.60
51.70
51.70
51.70
51.70
51.70
51.70
51.70
51.70
51.80
51.80
51.80
51.80
51.80
51.80
51.80
51.90
52.00
52.00
52.00
52.00
52.00
52.00
52.00
52.30
52.30
52.30
52.20
52.20
52.20
52.20
52.20
52.20
52.20
52.20
52.20
52.20
52.20
52.20
52.20
52.20
52.30
52.30
52.30
52.40
52.30
52.30
52.30
52.30
52.30
52.30
52.30
52.30
52.30
52.40
52.30
52.30
52.30
52.40
52.30
52.30
52.40
52.40
52.30
52.30
52.40
52.30
52.40
52.40
52.30
52.40
52.40
52.40
52.40
52.40
52.40
52.40
52.40
52.40
52.40
52.40
52.40
52.50
52.40
52.50
52.50
52.50
52.50
52.50
52.50
52.60
52.70
52.70
52.70
52.60
52.60
52.60
52.70
52.70
53.00
53.00
53.00
53.00
53.00
53.00
53.00
53.00
53.00
53.00
53.00
53.00
53.00
53.00
53.40
53.30
53.20
53.10
53.10
53.00
53.10
53.10
53.00
53.00
53.00
52.90
52.90
52.90
53.00
53.00
53.00
53.10
53.00
53.00
53.00
52.90
53.00
52.90
52.90
52.90
52.90
52.90
52.90
52.90
52.90
52.90
52.90
53.00
53.00
53.00
53.00
52.90
52.90
52.90
52.90
52.90
52.90
52.90
52.90
53.00
52.90
53.00
53.00
52.90
53.00
52.90
52.90
52.80
52.90
52.90
52.90
52.90
53.00
53.00
53.10
53.00
53.10
53.10
53.10
53.10
53.10
53.10
53.10
53.10
53.10
53.10
53.10
53.20
53.20
53.10
53.20
53.20
53.10
53.20
53.20
53.20
53.20
53.20
53.10
53.10
53.20
53.20
53.20
53.40
53.80
53.80
53.80
53.80
53.70
53.70
53.70
53.60
53.60
53.60
53.70
53.60
53.70
53.60
53.60
53.60
53.70
53.70
53.70
53.60
53.70
53.70
53.70
53.70
53.70
53.70
53.70
53.70
53.70
53.70
53.70
53.70
53.70
53.70
53.70
53.70
53.80
53.80
53.80
53.80
53.80
53.80
54.00
53.90
53.90
53.90
53.90
53.90
53.90
53.90
53.90
53.90
53.90
53.90
53.90
53.90
53.90
53.90
53.90
53.90
54.00
54.10
54.10
54.10
54.10
54.00
54.10
54.20
54.10
54.20
54.20
54.10
54.10
54.20
54.10
54.10
54.10
54.10
54.10
54.10
54.10
54.10
54.10
54.10
54.10
54.10
54.10
54.10
54.10
54.10
54.10
54.10
54.10
54.10
54.10
54.10
54.20
54.20
54.10
54.30
54.30
54.30
54.30
54.30
54.30
54.30
54.20
54.40
54.40
54.30
54.30
54.30
54.30
54.30
54.30
54.30
54.20
54.20
54.30
54.30
54.30
54.30
54.30
54.30
54.30
54.30
54.30
54.30
54.30
54.30
54.30
54.30
54.30
54.30
54.30
54.30
54.30
54.30
54.40
54.40
54.30
54.40
54.40
54.40
54.40
54.40
54.40
54.40
54.50
54.50
54.50
54.50
54.50
54.50
54.50
54.50
54.50
54.40
54.40
54.40
54.40
54.30
54.30
54.20
54.20
54.20
54.20
54.20
54.20
54.20
54.50
39.70
