31.20
60.30
60.10
60.00
59.90
59.80
59.80
59.80
59.90
60.30
60.70
61.10
61.60
61.90
62.20
62.40
62.60
62.80
63.00
63.20
63.30
63.50
63.70
63.90
64.00
64.10
64.20
64.50
64.70
65.00
65.10
65.30
65.40
65.60
65.70
65.80
66.00
66.10
66.20
66.30
66.50
66.50
66.70
66.80
66.90
67.00
67.10
67.20
67.20
67.30
67.40
67.50
67.60
67.60
67.70
67.80
67.90
67.90
68.10
68.20
68.20
68.30
68.40
68.30
67.70
67.20
66.80
57.60
41.60
41.60
41.60
58.40
63.60
63.60
63.60
49.90
41.60
41.60
41.80
63.80
63.80
63.70
63.70
63.70
63.70
63.80
63.80
63.80
64.40
65.00
65.40
65.90
66.30
66.50
66.80
67.10
67.30
67.60
67.70
67.70
67.90
68.10
52.20
51.50
51.00
50.50
50.20
49.80
49.50
63.80
69.20
69.10
69.10
69.10
69.10
69.20
69.20
69.20
69.80
69.80
69.80
69.70
69.90
69.90
70.20
70.20
70.30
70.50
70.10
48.00
47.90
48.00
48.00
48.00
47.90
47.90
47.90
47.90
47.90
47.90
47.80
47.80
47.80
47.80
47.80
47.70
47.70
47.70
47.70
47.60
47.60
47.60
47.50
47.50
47.50
47.50
47.40
47.40
47.40
47.40
47.40
47.40
47.30
47.50
47.40
47.50
47.50
47.50
47.50
47.50
47.50
47.40
47.40
47.30
63.20
69.20
69.20
69.30
69.30
69.40
69.40
69.40
69.50
69.50
69.60
69.60
69.80
69.80
69.90
69.90
69.90
70.00
70.10
69.70
69.10
58.00
42.40
42.40
42.50
42.60
42.50
42.60
42.60
42.70
43.30
43.90
44.30
44.70
45.10
45.40
45.70
45.90
46.10
46.30
46.50
46.60
46.70
46.80
47.00
47.00
47.00
47.10
47.10
47.20
47.20
47.20
47.20
47.20
47.30
47.30
47.30
47.30
47.30
47.30
47.40
47.40
47.40
47.40
47.40
47.40
47.50
47.50
47.60
47.50
47.50
47.40
47.40
47.40
47.40
47.30
47.30
47.30
47.30
47.30
47.30
47.30
47.20
47.20
47.20
47.20
47.20
47.20
47.20
47.20
47.20
47.20
47.20
47.20
47.20
47.20
47.30
47.30
47.20
47.30
47.30
47.40
47.40
47.40
47.40
47.40
47.40
47.40
47.40
47.40
47.40
47.40
47.40
47.40
47.40
47.50
47.50
47.40
47.50
47.40
47.40
47.40
47.40
47.40
47.30
47.30
47.30
47.30
47.30
47.30
47.20
47.20
47.20
47.20
47.10
47.10
47.10
47.00
47.00
47.10
47.00
47.00
47.00
47.00
47.00
47.00
47.00
47.00
47.00
47.00
47.00
47.00
47.00
47.00
47.00
47.00
47.10
47.10
47.10
47.10
47.10
47.10
47.10
47.10
47.10
47.20
47.10
47.20
47.20
47.20
47.20
47.20
47.20
47.20
47.30
47.20
47.20
47.20
47.10
47.10
47.10
47.10
47.10
47.10
47.10
47.10
47.10
55.70
68.60
68.70
68.70
68.70
68.80
68.40
67.90
59.20
42.20
42.10
42.10
42.10
42.10
42.00
41.90
41.90
41.90
41.90
41.90
41.80
47.00
68.60
68.60
68.70
68.70
68.80
68.90
49.90
49.50
49.30
49.10
48.90
48.70
48.50
48.40
48.20
48.10
48.00
47.90
47.80
47.80
47.70
47.70
47.60
47.60
47.60
47.50
47.60
47.50
47.50
47.50
47.40
47.40
47.40
47.40
47.40
47.30
47.30
47.30
47.30
47.30
47.40
47.40
47.40
47.30
47.30
47.30
47.30
47.30
47.30
47.20
47.30
47.30
47.30
57.40
69.20
69.10
69.10
69.10
69.10
62.60
47.40
47.40
47.40
47.40
47.40
47.40
47.40
47.40
47.40
47.40
47.50
47.40
47.50
47.50
47.50
47.50
47.40
47.40
47.40
47.40
47.40
47.40
47.40
47.40
47.40
47.40
47.40
47.40
47.40
47.40
47.40
47.40
47.30
47.40
47.40
47.40
47.30
47.30
47.30
47.30
47.30
47.20
47.20
47.20
47.20
47.20
47.20
47.20
47.20
47.10
47.20
47.10
46.80
46.10
45.60
45.20
44.80
44.40
44.70

