73.00
73.50
74.00
74.50
74.50
69.40
69.80
78.80
78.80
79.00
79.30
79.30
79.10
78.80
78.90
79.20
79.50
79.90
80.40
80.60
81.20
81.30
81.10
81.10
81.60
82.00
82.40
70.70
54.50
54.50
54.40
54.50
54.50
54.50
64.60
84.00
84.00
59.20
58.60
58.10
57.70
57.40
57.00
56.70
56.20
55.90
55.70
55.60
55.50
55.40
55.30
55.40
55.30
55.30
55.20
55.10
55.10
55.00
54.90
54.90
54.90
54.50
54.50
54.60
54.60
54.70
54.70
54.80
54.70
54.70
54.80
54.90
54.90
54.90
54.90
54.90
54.90
54.90
54.90
55.00
55.00
55.20
55.10
55.10
55.10
55.10
55.00
55.10
55.10
55.10
55.10
55.20
55.20
55.20
55.20
55.20
55.20
55.30
55.20
55.20
55.20
55.30
55.30
55.30
55.30
55.30
54.90
49.70
49.80
50.10
55.30
55.30
55.30
55.30
55.30
55.30
55.30
55.40
55.40
55.40
55.50
55.50
55.50
55.50
55.50
55.50
55.50
55.40
55.10
55.10
55.20
55.30
55.30
55.30
55.30
55.40
55.40
55.40
54.90
54.50
54.60
54.70
54.90
54.90
54.70
54.70
54.80
54.90
55.00
55.00
55.20
55.20
55.40
55.40
55.50
55.50
55.50
55.50
55.50
55.50
55.60
55.60
55.70
55.70
55.70
55.70
55.70
55.70
55.80
55.70
55.70
55.80
55.90
55.90
55.90
56.00
55.90
55.90
55.90
55.90
55.90
55.90
55.90
55.90
56.00
56.00
56.00
55.90
55.90
55.90
55.90
56.00
56.00
56.00
55.90
55.60
55.60
55.70
55.70
55.70
55.80
55.80
55.80
55.90
56.00
56.00
56.00
56.00
55.40
55.40
55.50
55.50
55.60
55.70
55.80
55.80
55.90
55.90
56.00
55.90
56.00
56.00
56.00
56.10
56.10
56.10
56.10
56.10
56.10
56.10
56.10
56.10
56.20
56.20
56.20
56.20
56.20
56.20
56.20
56.20
56.20
56.20
56.30
56.30
56.00
55.50
55.70
55.60
55.70
55.70
55.80
55.90
55.90
56.00
56.00
56.00
56.10
56.10
56.10
56.20
56.20
56.20
56.20
56.30
56.30
56.30
56.30
56.30
56.30
56.30
56.30
56.30
56.40
56.30
56.40
56.40
56.50
56.50
56.50
56.50
56.50
56.50
56.40
56.40
56.50
56.40
56.40
56.40
56.40
56.40
56.40
56.40
56.40
56.50
56.50
56.50
56.50
56.50
56.50
56.60
56.50
56.50
56.50
56.50
56.60
56.60
56.60
56.60
56.60
56.70
56.70
56.60
56.60
56.60
56.70
56.70
56.70
56.70
56.70
56.70
56.70
56.70
56.60
56.60
56.70
56.70
56.70
56.40
50.90
51.20
56.70
56.50
56.20
56.30
56.30
56.40
56.40
56.50
56.50
56.50
56.30
56.40
56.40
56.40
56.20
50.90
51.10
56.50
56.10
50.90
50.90
50.80
56.50
56.50
56.50
56.50
56.50
50.70
51.20
57.40
57.30
57.20
57.20
57.10
57.10
57.00
57.00
57.00
57.00
57.00
57.00
57.00
56.90
56.90
56.90
56.90
56.90
56.90
56.80
56.90
56.80
56.90
56.90
56.90
56.80
56.80
56.80
56.50
56.60
56.60
56.70
56.70
56.80
56.80
56.70
56.80
56.80
56.90
56.80
56.80
56.80
56.90
56.80
56.80
56.80
56.80
56.80
56.80
56.80
56.80
56.80
56.90
56.90
56.80
56.90
56.80
56.90
56.90
56.50
55.90
55.30
55.50
55.00
55.00
55.20
55.40
55.60
55.80
55.90
56.00
56.10
56.20
56.30
56.40
56.50
56.60
56.70
56.70
56.70
56.70
56.70
56.80
56.80
56.80
56.90
56.90
56.90
56.90
56.90
56.90
56.90
56.80
56.60
56.60
56.60
56.70
56.40
56.20
56.30
56.40
56.50
56.60
56.70
56.70
56.70
56.80
56.80
56.90
56.90
56.80
56.90
56.90
57.00
56.90
57.00
56.90
57.00
57.00
57.00
57.00
57.00
57.00
57.10
57.10
57.00
57.00
57.10
57.20
57.10
57.10
57.10
57.10
57.20
57.20
57.20
57.20
57.20
57.20
57.20
57.20
57.00
56.40
