58.20
58.10
58.10
76.10
57.80
58.00
65.90
65.90
58.20
58.10
77.80
56.90
56.90
56.90
75.90
58.60
58.30
58.70
69.20
60.30
60.30
76.90
57.60
57.30
57.20
77.10
58.00
58.20
63.80
73.00
58.80
58.20
75.50
58.60
58.40
58.70
76.90
54.90
55.10
73.80
61.70
61.20
61.00
73.20
55.10
54.50
55.00
63.60
55.30
54.90
73.40
51.50
51.50
51.50
73.60
54.50
54.50
68.80
57.20
56.70
56.30
72.10
51.30
51.20
51.60
72.10
53.60
53.50
72.60
53.40
53.10
52.90
73.40
55.10
54.90
55.50
64.60
53.40
53.40
74.00
50.50
50.70
57.40
68.80
52.40
52.70
71.30
53.60
53.20
53.10
73.00
52.80
52.90
59.70
67.80
55.10
54.90
73.40
53.00
52.90
59.00
70.90
58.20
57.60
67.40
58.20
50.70
50.40
50.70
50.40
50.20
50.10
50.40
50.20
50.00
50.40
50.20
50.20
49.90
50.40
50.10
49.80
49.80
50.00
49.80
49.60
50.10
49.80
49.80
49.70
50.20
49.90
49.80
49.80
50.00
49.80
49.60
50.10
49.80
49.80
49.70
50.10
49.90
49.70
50.10
50.10
49.90
49.70
50.20
49.90
49.70
49.50
50.00
49.70
49.40
49.60
49.70
49.40
49.30
49.80
49.70
49.60
49.50
50.00
49.90
49.70
50.20
50.10
50.00
49.70
50.20
50.00
49.70
50.00
49.80
49.70
49.50
49.90
49.70
49.40
49.90
69.60
49.70
50.00
67.40
58.40
50.10
50.50
72.30
53.20
53.30
53.40
70.30
53.00
52.70
69.60
60.30
50.50
51.00
74.00
52.40
52.60
66.70
66.10
54.70
54.20
73.20
52.40
52.00
52.00
51.90
51.60
51.30
51.50
51.20
50.80
50.60
50.90
50.60
50.40
50.60
50.70
50.50
50.30
50.60
50.40
50.10
49.90
50.40
50.20
50.00
50.10
50.30
50.10
49.90
50.40
50.10
49.90
49.70
50.20
50.00
49.80
50.10
50.20
49.90
49.70
50.20
49.90
49.70
49.60
50.00
49.70
49.60
50.00
49.90
49.80
49.70
50.20
49.90
49.80
49.90
50.20
50.00
50.00
50.40
50.20
49.90
49.70
50.20
50.00
49.70
49.60
54.70
48.00
48.00
48.60
48.80
48.70
48.70
49.30
49.30
49.20
49.40
49.50
49.50
49.30
49.80
49.60
49.40
49.30
49.80
49.70
49.60
50.10
49.90
49.70
49.50
50.00
49.80
49.50
49.70
49.70
49.70
49.50
50.00
49.80
49.50
49.60
49.90
49.70
49.50
49.90
49.90
49.60
49.50
50.00
49.90
49.80
50.10
50.30
50.00
49.80
50.40
50.30
50.20
50.10
50.60
50.20
50.00
50.30
50.20
50.00
49.80
50.20
50.00
49.80
49.60
50.00
49.90
49.70
50.20
50.00
49.70
49.50
50.10
49.80
49.60
50.00
50.10
49.90
49.70
50.20
50.00
49.80
49.80
50.10
49.90
49.70
50.10
49.90
49.70
49.50
49.90
49.80
49.70
49.80
50.00
49.80
49.60
50.10
49.80
49.70
49.60
50.00
49.90
49.70
50.20
49.90
49.60
49.50
50.10
50.00
49.90
50.00
50.10
49.90
49.70
50.10
49.90
49.70
49.50
50.00
50.00
49.80
49.80
50.00
49.80
49.60
50.10
49.90
49.70
49.70
50.00
49.80
49.60
50.00
49.80
49.60
49.60
50.10
49.90
49.90
50.20
50.20
50.10
49.90
50.50
50.40
50.10
49.90
50.30
50.10
49.80
50.00
50.10
49.80
49.70
50.20
49.90
49.70
49.60
50.10
49.90
49.60
49.80
49.90
49.70
49.60
50.00
49.80
49.70
49.60
50.10
49.80
49.60
50.00
49.90
49.80
49.60
50.10
49.90
49.70
49.70
55.90
50.50
50.20
49.90
50.30
50.20
50.00
49.80
50.30
50.10
49.80
49.90
50.30
50.30
50.00
50.50
50.20
49.90
49.70
50.10
49.90
49.60
49.70
49.90
49.70
49.50
50.00
49.90
49.80
49.60
50.10
49.90
49.70
49.90
50.00
50.00
49.90
50.40
50.10
49.90
49.70
50.20
50.00
49.80
50.10
50.00
49.90
49.90
49.90
49.50
