50.70
81.70
81.10
80.80
80.80
80.70
80.70
80.90
81.20
81.00
81.30
81.70
81.90
81.70
82.00
82.30
82.70
83.20
83.50
83.70
83.70
84.20
84.60
84.00
55.30
55.30
55.20
55.30
55.70
87.30
87.30
70.70
55.70
55.70
55.70
55.60
67.10
87.50
87.40
61.70
55.90
55.70
55.70
55.80
55.80
55.70
55.70
55.70
55.80
55.70
55.80
55.80
55.70
55.70
55.60
55.60
55.60
55.60
55.70
55.70
55.80
55.80
55.80
55.90
55.90
55.90
56.00
55.90
56.00
56.00
56.00
56.00
56.00
56.10
56.10
56.10
56.10
56.10
56.10
56.10
56.00
56.10
56.10
56.20
56.20
56.10
56.10
56.10
56.10
56.10
56.10
56.10
56.20
56.30
56.20
56.30
56.20
56.30
56.30
56.30
56.40
56.30
56.30
56.30
56.30
56.30
56.40
56.40
56.50
56.50
56.50
56.60
56.60
56.50
56.50
56.60
56.60
56.60
56.70
56.70
56.60
56.60
56.70
56.70
56.70
56.70
56.70
56.70
56.80
56.80
56.80
56.80
56.80
56.70
56.80
56.80
56.80
56.80
56.90
56.90
56.90
56.90
57.00
56.90
56.80
56.80
56.90
56.90
56.90
57.00
57.00
57.00
57.10
57.10
57.10
57.10
57.10
57.20
57.30
57.20
57.20
57.30
57.30
57.30
57.30
57.30
57.30
57.30
57.40
57.40
57.40
57.30
57.30
57.30
57.30
57.40
57.40
57.40
57.30
57.30
57.30
57.30
57.40
57.40
57.30
57.30
57.40
57.30
57.40
57.40
57.50
57.50
57.40
57.50
57.50
57.50
57.50
57.50
57.50
57.60
57.60
57.60
57.50
57.60
57.60
57.60
57.50
57.50
57.40
57.50
57.50
57.40
57.40
57.40
57.50
57.50
57.60
57.70
57.70
57.70
57.70
57.60
57.70
57.70
57.70
57.70
57.70
57.80
57.80
57.80
57.90
57.90
57.90
57.90
57.90
57.80
63.60
63.50
63.60
63.60
63.60
63.60
63.50
63.60
63.60
63.60
63.60
63.60
63.60
63.60
63.50
63.50
63.60
63.60
63.70
63.60
63.60
63.60
63.70
63.70
63.70
63.60
63.60
63.60
63.70
63.60
63.60
63.70
63.70
63.70
63.60
63.60
63.60
63.60
63.60
63.60
63.70
63.70
63.70
63.70
63.70
63.70
63.70
63.70
63.80
63.80
63.80
63.80
63.90
63.90
63.90
63.90
63.90
63.90
63.90
63.90
63.90
63.80
63.80
63.80
63.90
63.90
63.80
63.90
63.90
63.90
64.00
63.60
63.60
63.70
63.80
63.80
63.80
63.80
63.90
63.90
63.80
63.80
63.90
63.90
63.90
63.90
63.90
64.00
64.00
64.00
64.00
64.00
64.00
64.00
64.10
64.10
64.10
64.10
64.10
64.00
64.00
64.00
63.90
64.00
64.00
64.00
63.90
63.90
64.00
64.00
64.00
64.00
63.90
64.00
64.00
64.00
63.90
63.90
63.90
64.00
63.90
64.00
64.10
64.10
64.10
64.10
64.10
64.00
64.00
64.00
64.00
64.00
64.10
64.00
64.00
64.00
63.90
64.00
63.90
64.00
64.00
64.00
63.90
64.00
63.90
63.90
64.00
64.00
64.00
64.10
64.10
64.00
64.00
64.10
64.00
64.10
64.20
64.20
64.10
64.10
64.00
63.90
63.90
64.00
64.00
64.00
64.10
64.20
64.30
64.20
64.10
64.00
64.00
64.00
64.10
64.10
64.20
64.30
64.20
64.20
64.30
64.30
64.30
64.40
64.50
64.50
64.50
64.50
64.60
64.60
64.70
64.60
64.70
64.70
64.70
64.70
64.70
64.70
64.70
64.70
64.70
64.60
64.70
64.80
64.80
64.80
64.80
64.70
64.60
64.60
64.60
64.50
64.50
64.50
64.40
64.50
64.50
64.60
64.50
64.50
64.50
64.60
64.70
64.60
64.60
64.60
64.60
64.60
64.60
64.60
64.50
64.50
64.50
64.50
64.50
64.50
64.50
64.40
64.40
64.40
64.40
64.40
64.50
64.40
64.50
64.50
64.50
64.60
64.50
64.50
64.20
64.40
64.30
64.30
64.30
64.30
64.40
64.20
64.00
64.10
64.10
64.10
64.10
64.10
64.10
56.50
56.40
29.90
29.80
29.80
29.80
29.70
29.70
29.60
29.60
29.60
29.50
29.50
29.40
29.40
29.40
29.40
29.30
29.30
29.30
29.20
29.20
29.20
29.10
29.10
29.10
29.10
