

Core 1
======
32.40
49.30
49.30
49.40
49.40
49.50
49.60
49.60
49.60
49.60
49.60
49.70
49.70
49.70
49.80
49.80
49.90
49.90
49.90
49.90
50.00
50.00
50.10
50.10
50.10
50.20
50.20
50.20
50.20
50.30
50.30
50.30
50.40
50.50
50.60
50.50
50.60
50.60
50.50
50.60
50.60
50.60
50.70
50.70
50.70
50.70
50.70
50.80
50.80
50.90
50.90
51.00
51.00
51.10
51.10
51.10
51.10
51.20
51.20
51.20
51.20
51.20
51.20
51.30
51.30
51.30
51.40
51.40
51.40
51.40
51.40
51.40
51.40
51.50
51.30
51.30
51.30
51.40
51.40
51.40
51.40
51.30
51.30
51.30
51.30
51.40
51.40
51.30
51.40
51.40
51.40
51.40
51.40
51.40
51.40
51.40
51.40
51.40
51.40
51.40
51.40
51.40
51.40
51.40
51.50
51.40
51.50
51.50
51.50
51.40
51.50
51.50
51.50
51.50
51.50
51.50
51.50
51.50
51.50
51.60
51.50
51.50
51.60
51.60
51.60
51.60
51.60
51.60
51.70
51.70
51.70
51.70
51.70
51.70
51.70
51.70
51.80
51.80
51.80
51.80
51.80
51.80
51.80
51.90
52.00
52.00
52.00
52.00
52.00
52.00
52.00
52.30
52.30
52.30
52.20
52.20
52.20
52.20
52.20
52.20
52.20
52.20
52.20
52.20
52.20
52.20
52.20
52.20
52.30
52.30
52.30
52.40
52.30
52.30
52.30
52.30
52.30
52.30
52.30
52.30
52.30
52.40
52.30
52.30
52.30
52.40
52.30
52.30
52.40
52.40
52.30
52.30
52.40
52.30
52.40
52.40
52.30
52.40
52.40
52.40
52.40
52.40
52.40
52.40
52.40
52.40
52.40
52.40
52.40
52.50
52.40
52.50
52.50
52.50
52.50
52.50
52.50
52.60
52.70
52.70
52.70
52.60
52.60
52.60
52.70
52.70
53.00
53.00
53.00
53.00
53.00
53.00
53.00
53.00
53.00
53.00
53.00
53.00
53.00
53.00
53.40
53.30
53.20
53.10
53.10
53.00
53.10
53.10
53.00
53.00
53.00
52.90
52.90
52.90
53.00
53.00
53.00
53.10
53.00
53.00
53.00
52.90
53.00
52.90
52.90
52.90
52.90
52.90
52.90
52.90
52.90
52.90
52.90
53.00
53.00
53.00
53.00
52.90
52.90
52.90
52.90
52.90
52.90
52.90
52.90
53.00
52.90
53.00
53.00
52.90
53.00
52.90
52.90
52.80
52.90
52.90
52.90
52.90
53.00
53.00
53.10
53.00
53.10
53.10
53.10
53.10
53.10
53.10
53.10
53.10
53.10
53.10
53.10
53.20
53.20
53.10
53.20
53.20
53.10
53.20
53.20
53.20
53.20
53.20
53.10
53.10
53.20
53.20
53.20
53.40
53.80
53.80
53.80
53.80
53.70
53.70
53.70
53.60
53.60
53.60
53.70
53.60
53.70
53.60
53.60
53.60
53.70
53.70
53.70
53.60
53.70
53.70
53.70
53.70
53.70
53.70
53.70
53.70
53.70
53.70
53.70
53.70
53.70
53.70
53.70
53.70
53.80
53.80
53.80
53.80
53.80
53.80
54.00
53.90
53.90
53.90
53.90
53.90
53.90
53.90
53.90
53.90
53.90
53.90
53.90
53.90
53.90
53.90
53.90
53.90
54.00
54.10
54.10
54.10
54.10
54.00
54.10
54.20
54.10
54.20
54.20
54.10
54.10
54.20
54.10
54.10
54.10
54.10
54.10
54.10
54.10
54.10
54.10
54.10
54.10
54.10
54.10
54.10
54.10
54.10
54.10
54.10
54.10
54.10
54.10
54.10
54.20
54.20
54.10
54.30
54.30
54.30
54.30
54.30
54.30
54.30
54.20
54.40
54.40
54.30
54.30
54.30
54.30
54.30
54.30
54.30
54.20
54.20
54.30
54.30
54.30
54.30
54.30
54.30
54.30
54.30
54.30
54.30
54.30
54.30
54.30
54.30
54.30
54.30
54.30
54.30
54.30
54.30
54.40
54.40
54.30
54.40
54.40
54.40
54.40
54.40
54.40
54.40
54.50
54.50
54.50
54.50
54.50
54.50
54.50
54.50
54.50
54.40
54.40
54.40
54.40
54.30
54.30
54.20
54.20
54.20
54.20
54.20
54.20
54.20
54.50
39.70

Idle
====
28.70
28.70
28.70
28.70
28.70
28.80
28.70
28.70
28.70
28.70
28.60
28.70
28.60
28.60
28.60
28.50
28.50
28.40
28.40
28.40
28.40
28.40
28.40
28.30
28.20
28.20
28.20
28.20
28.20
28.20
28.20
28.20
28.10
28.10
28.10
28.20
28.20
28.20
28.10
28.10
28.10
28.10
28.10
28.00
28.00
28.00
28.00
28.00
28.10
28.10
28.00
28.00
28.00
28.00
28.00
28.00
28.00
27.90
27.90
27.90
27.90
27.90
27.90
27.90
27.90
28.00
27.90
27.90
27.90
28.00
28.00
28.00
28.00
28.00
27.90
27.90
27.90
27.90
27.90
27.90
27.90
27.90
27.90
27.90
27.90
27.80
27.80
27.80
27.80
27.80
27.80
27.80
27.80
27.80
27.80
27.80
27.80
27.70
27.80
27.80
27.80
27.80
27.80
27.80
27.80
27.80
27.80
27.80
27.60
27.10
26.50
25.90
25.40
25.00
24.80
24.50
24.20
23.90
23.70
23.50
23.30
23.10
23.00
22.90
22.80
22.70
22.60
22.50
22.40
22.40
22.30
22.30
22.30
22.20
22.20
22.20
22.10
22.10
22.10
22.10
22.10
22.00
22.00
22.00
22.00
22.00
22.00
22.00
22.00
22.00
22.00
22.00
22.00
22.00
21.90
21.90
21.90
21.90
21.90
21.90
21.90
21.90
21.90
21.90
21.90
21.90
21.90
21.90
21.90
22.00
22.00
21.90
21.90
21.90
21.90
21.90
22.00
21.90
21.90
21.90
21.90
22.00
22.00
22.00
22.00
22.10
22.00
22.00
22.00
21.90
22.00
22.00
22.00
22.00
22.00
22.00
21.90
21.90
21.90
21.90
21.90
21.80
21.90
21.90
21.80
21.80
21.80
21.80
21.80
21.80
21.80
21.80
21.80
21.80
21.80
21.80
21.80
21.80
21.80
21.80
21.80
21.80
21.80
21.80
21.80
21.80
21.80
21.80
21.80
21.80
21.90
21.90
21.80
21.80
21.80
21.80
21.80
21.80
21.80
21.80
21.80
21.80
21.80
21.80
21.80
21.80
21.80
21.70
21.80
21.70
21.80
21.80
21.80
21.80
21.80
21.80
21.70
21.70
21.70
21.70
21.70
21.70
21.70
21.70
21.70
21.70
21.70
21.70
21.70
21.70
21.70
21.70
21.70
21.70
21.70
21.90
22.10
22.30
22.20
22.10
22.10
22.00
22.00
21.90
21.90
22.00
22.20
22.20
22.20
22.20
22.10
22.00
22.00
22.00
21.90
22.00
22.20
22.30
22.20

Core 2
======
44.50
55.70
55.60
55.70
55.50
55.60
55.60
55.70
55.80
55.90
56.00
56.10
56.10
56.20
56.30
56.30
56.30
56.20
56.20
56.40
56.50
56.60
56.70
56.70
56.90
56.90
57.00
57.00
57.10
57.10
57.30
57.30
57.50
57.50
57.50
57.60
57.70
57.70
57.70
57.60
57.60
57.60
57.60
57.60
57.60
57.70
57.70
57.60
57.60
57.70
57.70
57.80
57.80
57.80
57.90
58.00
58.00
58.10
58.10
58.30
58.30
58.40
58.50
58.60
58.90
58.90
59.00
59.00
59.10
59.20
59.20
59.20
59.40
59.40
59.50
59.50
59.60
59.70
59.70
59.70
59.80
59.90
59.90
59.90
60.00
60.10
60.10
60.10
60.20
60.20
60.30
60.30
60.40
60.40
60.40
60.50
60.50
60.60
60.60
60.60
60.60
60.70
60.70
60.80
60.80
60.80
60.80
60.90
60.90
61.00
60.90
61.00
61.00
61.10
61.10
61.10
61.10
61.20
61.10
61.20
61.20
61.20
61.30
61.30
61.30
61.30
61.30
61.30
61.40
61.40
61.40
61.40
61.50
61.30
61.30
61.30
61.40
61.40
61.40
61.50
61.50
61.50
61.50
61.50
61.50
61.50
61.50
61.50
61.50
61.50
61.60
61.50
61.50
61.60
61.80
61.80
61.80
61.80
61.80
61.80
61.80
61.90
61.90
61.90
62.00
62.00
62.00
62.10
62.10
62.10
62.10
62.20
62.20
62.20
62.30
62.30
62.30
62.40
62.40
62.40
62.40
62.50
62.50
62.50
62.70
62.70
62.60
62.60
62.70
62.60
62.60
62.60
62.70
62.70
62.70
62.80
62.80
62.80
62.90
62.90
62.90
62.90
62.90
62.90
63.00
63.00
63.00
62.50
41.30
41.20
41.20
41.20
41.20
41.20
41.20
41.20
41.30
61.90
61.90
62.00
62.10
62.10
62.20
62.20
62.30
62.40
62.40
62.40
62.50
62.60
62.60
62.70
62.70
62.90
62.90
62.90
62.90
63.00
63.00
63.00
63.00
63.10
48.40
42.20
42.00
42.00
41.80
41.80
41.80
41.70
41.70
41.60
41.60
53.80
61.90
62.00
62.00
62.10
62.40
62.30
62.30
62.40
62.40
62.40
62.20
62.10
62.20
62.20
62.30
62.30
62.40
62.50
62.50
62.60
62.40
41.30
41.30
41.30
41.20
41.40
41.30
41.60
41.60
41.50
41.50
41.50
61.50
61.50
61.60
61.70
61.90
61.90
62.00
62.10
62.20
62.30
62.30
62.50
62.70
62.60
62.60
62.60
62.60
62.60
62.60
62.70
62.80
52.60
42.40
42.30
42.20
42.10
42.10
42.10
42.00
41.90
41.80
41.80
41.80
41.90
52.20
62.40
62.40
62.40
62.40
62.40
62.40
62.40
62.50
62.60
62.60
62.60
62.70
62.80
62.80
62.80
62.90
62.90
62.90
63.00
43.00
42.70
42.50
42.40
42.20
42.10
42.00
41.90
41.80
56.90
62.80
62.70
62.70
62.60
62.60
62.60
62.60
62.60
62.70
62.80
62.90
44.70
44.30
44.00
43.70
43.50
43.20
42.90
42.70
42.50
42.40
42.20
57.80
63.20
63.20
63.10
63.00
63.00
63.00
62.90
62.90
62.80
62.90
62.90
62.80
62.80
62.90
62.90
62.90
62.90
63.00
63.00
63.00
57.20
41.30
41.30
41.30
41.40
41.40
41.30
41.40
41.40
41.50
41.40
41.90
62.40
62.40
62.50
62.50
62.50
62.50
62.60
62.10
41.60
41.50
41.50
41.50
41.50
41.40
41.40
58.80
59.20
59.70
60.00
60.20
60.50
60.80
61.10
61.40
61.50
61.70
61.90
62.00
62.20
62.30
62.20
41.60
41.60
41.50
41.60
41.70
41.70
41.60
41.60
41.50
41.60
41.60
62.40
62.40
62.40
62.40
62.50
62.50
62.60
62.60
62.60
62.70
62.70
62.70
62.70
62.80
62.90
62.90
62.90
62.90
63.00
54.50
41.80
41.80
42.00
42.00
42.00
42.00
42.00
42.00
42.10
42.00
41.90
41.80
50.30
62.40
62.40
62.40
62.40
62.40
62.50
62.50
62.60
62.70
62.70
62.70
62.70
62.70
62.80
62.80
48.40
41.10
41.10
41.10
41.10
41.20

Idle
====
23.90
23.90
23.80
23.80
23.80
23.80
23.80
23.80
23.80
23.70
23.70
23.60
23.50
23.50
23.60
23.50
23.60
23.60
23.50
23.40
23.40
23.40
23.40
23.30
23.30
23.20
23.20
23.20
23.10
23.30
23.20
23.20
23.20
23.20
23.40
23.50
23.40
23.30
23.30
23.30
23.30
23.20
23.20
23.10
23.30
23.50
23.40
23.30
23.30
23.20
23.10
23.10
23.00
23.00
23.00
22.90
22.90
22.80
22.80
22.80
22.70
22.70
22.70
22.60
22.60
22.60
22.60
22.60
22.50
22.50
22.50
22.40
22.40
22.40
22.40
22.40
22.40
22.40
22.40
22.40
22.40
22.40
22.40
22.40
22.40
22.40
22.40
22.40
22.40
22.40
22.40
22.40
22.40
22.40
22.50
22.60
22.60
22.60
22.50
22.70
22.90
23.10
23.30
23.20
23.10
23.00
22.90
22.80
22.80
22.80
23.10
23.00
22.90
22.90
22.80
23.10
23.30
23.30
23.20
23.10
23.00
22.90
22.80
22.70
22.70
22.80
22.70
22.60
22.60
22.60
22.60
22.50
22.50
22.50
22.40
22.40
22.40
22.40
22.40
22.30
22.30
22.30
22.30
22.30
22.30
22.30
22.30
22.30
22.30
22.20
22.20
22.20
22.20
22.20
22.20
22.20
22.20
22.20
22.20
22.20
22.20
22.10
22.20
22.20
22.20
22.20
22.20
22.20
22.20
22.20
22.20
22.20
22.10
22.10
22.10
22.10
22.10
22.10
22.10
22.10
22.10
22.10
22.10
22.10
22.10
22.10
22.10
22.10
22.10
22.10
22.10
22.00
22.10
22.10
22.10
22.10
22.00
22.00
22.00
22.00
22.10
22.10
22.10
22.10
22.00
22.00
22.00
22.10
22.10
22.10
22.00
22.00
22.10
22.10
22.10
22.10
22.10
22.10
22.10
22.10
22.10
22.10
22.10
22.00
22.00
22.00
22.10
22.10
22.10
22.10
22.10
22.10
22.00
22.00
22.00
22.00
22.00
22.00
22.00
22.00
22.00
22.00
22.00
22.00
22.00
21.90
22.00
21.90
22.00
21.90
22.00
21.90
21.90
21.90
21.90
21.90
21.90
21.90
21.90
22.00
22.00
21.90
21.90
21.90
22.00
21.90
22.00
21.90
22.00
21.90
21.90
21.90
21.90
21.90
21.90
21.90
21.90
21.90
21.90
21.90
21.90
21.90
21.90
21.90
22.00
21.90
22.00
22.00
21.90
21.90
21.90
21.90
21.90
21.90
21.90
21.90
21.90
21.90
21.90

Core 3
======
31.20
60.30
60.10
60.00
59.90
59.80
59.80
59.80
59.90
60.30
60.70
61.10
61.60
61.90
62.20
62.40
62.60
62.80
63.00
63.20
63.30
63.50
63.70
63.90
64.00
64.10
64.20
64.50
64.70
65.00
65.10
65.30
65.40
65.60
65.70
65.80
66.00
66.10
66.20
66.30
66.50
66.50
66.70
66.80
66.90
67.00
67.10
67.20
67.20
67.30
67.40
67.50
67.60
67.60
67.70
67.80
67.90
67.90
68.10
68.20
68.20
68.30
68.40
68.30
67.70
67.20
66.80
57.60
41.60
41.60
41.60
58.40
63.60
63.60
63.60
49.90
41.60
41.60
41.80
63.80
63.80
63.70
63.70
63.70
63.70
63.80
63.80
63.80
64.40
65.00
65.40
65.90
66.30
66.50
66.80
67.10
67.30
67.60
67.70
67.70
67.90
68.10
52.20
51.50
51.00
50.50
50.20
49.80
49.50
63.80
69.20
69.10
69.10
69.10
69.10
69.20
69.20
69.20
69.80
69.80
69.80
69.70
69.90
69.90
70.20
70.20
70.30
70.50
70.10
48.00
47.90
48.00
48.00
48.00
47.90
47.90
47.90
47.90
47.90
47.90
47.80
47.80
47.80
47.80
47.80
47.70
47.70
47.70
47.70
47.60
47.60
47.60
47.50
47.50
47.50
47.50
47.40
47.40
47.40
47.40
47.40
47.40
47.30
47.50
47.40
47.50
47.50
47.50
47.50
47.50
47.50
47.40
47.40
47.30
63.20
69.20
69.20
69.30
69.30
69.40
69.40
69.40
69.50
69.50
69.60
69.60
69.80
69.80
69.90
69.90
69.90
70.00
70.10
69.70
69.10
58.00
42.40
42.40
42.50
42.60
42.50
42.60
42.60
42.70
43.30
43.90
44.30
44.70
45.10
45.40
45.70
45.90
46.10
46.30
46.50
46.60
46.70
46.80
47.00
47.00
47.00
47.10
47.10
47.20
47.20
47.20
47.20
47.20
47.30
47.30
47.30
47.30
47.30
47.30
47.40
47.40
47.40
47.40
47.40
47.40
47.50
47.50
47.60
47.50
47.50
47.40
47.40
47.40
47.40
47.30
47.30
47.30
47.30
47.30
47.30
47.30
47.20
47.20
47.20
47.20
47.20
47.20
47.20
47.20
47.20
47.20
47.20
47.20
47.20
47.20
47.30
47.30
47.20
47.30
47.30
47.40
47.40
47.40
47.40
47.40
47.40
47.40
47.40
47.40
47.40
47.40
47.40
47.40
47.40
47.50
47.50
47.40
47.50
47.40
47.40
47.40
47.40
47.40
47.30
47.30
47.30
47.30
47.30
47.30
47.20
47.20
47.20
47.20
47.10
47.10
47.10
47.00
47.00
47.10
47.00
47.00
47.00
47.00
47.00
47.00
47.00
47.00
47.00
47.00
47.00
47.00
47.00
47.00
47.00
47.00
47.10
47.10
47.10
47.10
47.10
47.10
47.10
47.10
47.10
47.20
47.10
47.20
47.20
47.20
47.20
47.20
47.20
47.20
47.30
47.20
47.20
47.20
47.10
47.10
47.10
47.10
47.10
47.10
47.10
47.10
47.10
55.70
68.60
68.70
68.70
68.70
68.80
68.40
67.90
59.20
42.20
42.10
42.10
42.10
42.10
42.00
41.90
41.90
41.90
41.90
41.90
41.80
47.00
68.60
68.60
68.70
68.70
68.80
68.90
49.90
49.50
49.30
49.10
48.90
48.70
48.50
48.40
48.20
48.10
48.00
47.90
47.80
47.80
47.70
47.70
47.60
47.60
47.60
47.50
47.60
47.50
47.50
47.50
47.40
47.40
47.40
47.40
47.40
47.30
47.30
47.30
47.30
47.30
47.40
47.40
47.40
47.30
47.30
47.30
47.30
47.30
47.30
47.20
47.30
47.30
47.30
57.40
69.20
69.10
69.10
69.10
69.10
62.60
47.40
47.40
47.40
47.40
47.40
47.40
47.40
47.40
47.40
47.40
47.50
47.40
47.50
47.50
47.50
47.50
47.40
47.40
47.40
47.40
47.40
47.40
47.40
47.40
47.40
47.40
47.40
47.40
47.40
47.40
47.40
47.40
47.30
47.40
47.40
47.40
47.30
47.30
47.30
47.30
47.30
47.20
47.20
47.20
47.20
47.20
47.20
47.20
47.20
47.10
47.20
47.10
46.80
46.10
45.60
45.20
44.80
44.40
44.70

Idle
====
23.20
23.10
23.10
23.20
23.20
23.20
23.10
23.10
23.10
23.10
23.10
23.10
23.00
23.00
23.00
23.00
22.90
22.90
22.90
22.90
22.90
22.90
22.80
22.90
22.90
22.80
22.80
22.90
22.80
22.80
22.80
22.80
22.80
22.80
22.80
22.70
22.70
22.70
22.70
22.70
22.60
22.60
22.50
22.50
22.50
22.50
22.50
22.50
22.40
22.40
22.40
22.40
22.40
22.40
22.40
22.40
22.40
22.40
22.40
22.40
22.30
22.30
22.30
22.30
22.30
22.40
22.30
22.30
22.30
22.30
22.30
22.40
22.30
22.40
22.30
22.30
22.30
22.30
22.30
22.30
22.30
22.30
22.30
22.30
22.30
22.30
22.30
22.30
22.30
22.40
22.60
22.50
22.50
22.40
22.40
22.40
22.40
22.40
22.40
22.30
22.30
22.30
22.30
22.30
22.30
22.20
22.20
22.20
22.20
22.30
22.30
22.20
22.20
22.20
22.20
22.20
22.20
22.20
22.20
22.20
22.50
22.60
22.60
22.50
22.40
22.40
22.40
22.30
22.30
22.30
22.50
22.70
22.60
22.60
22.50
22.50
22.40
22.40
22.30
22.30
22.50
22.50
22.50
22.40
22.40
22.60
22.50
22.50
22.40
22.40
22.40
22.40
22.30
22.30
22.20
22.20
22.20
22.20
22.10
22.10
22.10
22.10
22.10
22.10
22.10
22.10
22.10
22.10
22.10
22.00
22.10
22.00
22.00
22.00
22.00
22.00
22.00
22.00
22.00
22.00
22.00
22.00
22.00
22.00
22.00
21.90
22.00
22.00
22.00
22.00
21.90
21.90
21.90
21.90
21.90
21.90
21.90
21.90
21.90
21.90
21.90
21.90
21.90
21.90
21.90
21.90
21.90
21.90
21.90
21.90
21.90
21.90
21.90
21.90
21.90
21.90
21.90
21.90
21.90
21.90
21.90
21.80
21.90
21.90
21.90
21.90
21.90
21.90
21.90
21.90
21.90
21.90
21.90
21.90
21.90
21.90
21.90
21.90
21.90
21.90
21.90
21.90
21.90
21.90
21.90
21.90
21.90
21.90
21.90
21.90
21.80
21.90
21.90
21.80
21.90
21.80
21.80
21.80
21.80
21.80
21.80
21.90
21.90
21.90
21.80
21.80
22.10
22.10
22.10
22.00
22.00
22.00
21.90
21.90
21.90
21.90
22.10
22.30
22.30
22.20
22.20
22.10
22.10
22.00
22.10
22.00
22.00
22.00
21.90
21.90
21.90
21.90
21.90
21.90
21.90
21.80
21.80
21.90
21.80
21.80

Core 4
======
60.70
61.30
68.20
68.30
67.90
67.70
67.50
67.60
77.80
77.80
77.80
77.90
78.00
78.10
78.20
78.30
78.40
78.50
78.70
78.80
78.90
79.00
79.20
73.40
68.20
68.10
68.60
80.70
80.70
80.80
80.90
80.90
70.30
70.20
70.20
69.80
53.20
75.90
81.90
81.90
82.00
82.00
82.20
69.60
53.60
53.50
53.50
53.50
63.20
83.00
83.00
59.20
53.60
53.60
53.50
53.50
53.50
53.50
53.50
53.50
53.50
53.50
53.50
53.50
53.50
53.50
53.40
53.40
53.40
53.40
53.40
52.80
52.20
51.60
51.70
51.80
52.00
52.20
52.40
52.50
52.60
52.70
52.80
52.90
53.00
53.00
53.10
53.00
53.10
53.20
53.30
53.30
53.30
53.40
53.40
53.40
53.40
53.40
53.50
53.50
53.50
53.50
53.50
53.50
53.50
53.50
53.60
53.50
53.50
53.50
53.50
53.50
53.50
53.50
53.40
47.60
47.60
65.10
70.50
70.10
83.60
78.40
54.00
54.00
53.30
48.20
48.70
71.10
71.10
71.10
71.20
84.00
84.00
63.60
54.50
54.50
54.50
54.40
54.40
54.40
54.40
54.40
54.40
54.30
54.30
54.30
54.30
54.30
54.30
54.30
54.40
54.30
54.30
54.30
54.30
54.30
54.40
54.30
54.30
54.40
54.30
54.40
54.30
54.40
54.30
54.40
54.30
54.30
54.40
54.30
54.40
54.40
54.30
54.30
54.40
54.30
54.40
54.40
54.40
54.40
54.40
53.90
48.40
48.30
48.30
48.30
48.30
48.20
48.20
48.50
54.00
54.00
54.00
54.00
54.10
54.10
54.10
54.00
48.60
48.50
48.50
48.60
54.20
54.20
54.20
54.20
54.20
54.20
54.30
54.30
53.60
53.10
52.50
52.40
52.70
52.90
53.10
53.20
53.30
53.30
53.40
53.50
53.70
53.80
53.80
53.90
54.00
54.00
54.10
54.10
54.20
54.20
54.30
54.30
54.30
54.40
54.40
54.40
54.40
54.50
54.50
54.50
54.50
54.50
54.50
54.50
54.50
54.50
54.50
54.60
54.60
54.60
54.60
54.60
54.60
54.60
54.60
54.60
54.60
54.60
54.70
54.70
54.70
54.70
54.70
54.70
54.70
54.70
54.70
54.70
54.70
54.70
54.70
54.60
54.70
54.70
54.70
54.70
54.70
54.70
54.70
54.70
54.70
54.70
54.70
54.70
54.70
54.70
54.70
54.70
54.80
54.80
54.80
54.80
54.80
54.80
54.80
54.80
54.80
54.80
54.80
54.80
54.70
54.70
54.70
54.70
54.70
54.70
54.70
54.70
54.70
54.80
54.80
54.80
54.80
54.80
54.80
54.80
54.80
54.80
54.80
54.80
54.80
54.90
54.90
54.90
54.90
54.90
54.90
54.90
54.90
54.90
54.90
54.90
54.90
54.90
54.90
54.90
54.70
48.60
48.60
48.60
48.60
48.60
48.60
48.60
48.20
47.70
47.10
47.10
46.80
46.50
46.70
46.90
47.30
47.30
46.80
46.40
46.00
46.30
54.50
54.50
54.50
54.50
54.60
54.60
54.70
54.60
54.70
54.60
54.70
54.70
54.70
54.20
48.80
48.80
48.80
48.80
48.80
48.80
48.80
48.80
48.40
47.80
47.30
46.90
47.10
47.30
53.00
53.20
53.40
53.50
53.70
53.80
53.90
54.00
53.40
53.00
53.00
53.20
53.40
53.30
52.60
52.10
51.70
51.30
50.90
50.50
50.30
50.10
50.50
50.30
50.20
50.00
49.80
50.30
50.80
51.30
51.70
52.10
52.40
52.70
52.90
53.10
53.30
53.50
53.60
53.80
53.90
54.00
54.10
54.20
54.30
54.40
54.40
54.50
54.50
54.60
54.60
54.60
54.00
48.80
48.80
48.80
48.70
48.80
48.80
48.80
48.80
48.80
48.80
48.90
48.90
48.80
48.80
48.80
48.80
48.80
48.80
48.80
48.80
48.80
48.80
48.80
48.80
48.70
48.70
49.00
54.90
54.80
54.80
54.80
54.80
54.80
54.80
54.80
54.80
54.80
54.80
54.80
54.80
54.80
54.80
54.80
54.70
54.70
54.70
54.80
54.80
54.60
48.80
48.70
48.70
48.60
48.60
48.60
48.60
48.60
48.50
48.50
48.50
43.40

Idle
====
23.50
23.50
23.50
23.50
23.50
23.50
23.50
23.50
23.50
23.40
23.40
23.40
23.40
23.40
23.30
23.30
23.30
23.30
23.30
23.30
23.30
23.20
23.20
23.30
23.20
23.20
23.20
23.10
23.10
23.10
23.10
23.00
23.00
23.00
23.00
23.00
23.00
23.00
22.90
22.90
22.90
22.90
22.90
22.90
22.80
22.80
22.80
22.80
22.80
22.80
22.80
22.80
22.80
22.90
22.90
22.80
22.80
22.80
22.80
22.70
22.80
22.80
22.80
22.70
22.70
22.70
22.60
22.60
22.60
22.50
22.60
22.50
22.50
22.50
22.50
22.50
22.40
22.40
22.40
22.50
22.50
22.40
22.50
22.50
22.40
22.40
22.40
22.40
22.50
22.40
22.40
22.40
22.40
22.40
22.40
22.40
22.40
22.40
22.40
22.40
22.40
22.30
22.30
22.40
22.40
22.40
22.30
22.30
22.30
22.30
22.30
22.30
22.40
22.30
22.30
22.30
22.30
22.30
22.30
22.30
22.30
22.30
22.30
22.30
22.30
22.30
22.30
22.30
22.30
22.30
22.30
22.30
22.30
22.30
22.30
22.30
22.30
22.30
22.20
22.20
22.20
22.30
22.30
22.20
22.20
22.20
22.20
22.20
22.20
22.20
22.20
22.20
22.20
22.20
22.10
22.20
22.10
22.10
22.10
22.10
22.20
22.10
22.10
22.10
22.10
22.10
22.10
22.10
22.10
22.20
22.10
22.10
22.20
22.20
22.20
22.10
22.10
22.10
22.10
22.20
22.20
22.10
22.10
22.20
22.10
22.10
22.20
22.20
22.10
22.10
22.10
22.10
22.10
22.10
22.10
22.10
22.10
22.00
22.00
22.00
22.10
22.10
22.00
22.10
22.10
22.10
22.10
22.10
22.10
22.10
22.10
22.10
22.10
22.10
22.10
22.10
22.10
22.10
22.10
22.00
22.10
22.10
22.10
22.10
22.00
22.00
22.00
22.10
22.10
22.10
22.10
22.10
22.10
22.10
22.10
22.10
22.10
22.10
22.10
22.10
22.10
22.00
22.00
22.00
22.00
22.00
22.00
22.00
22.00
21.90
21.90
21.90
21.90
21.90
22.00
21.90
21.90
21.90
21.90
22.00
22.00
21.90
21.90
22.00
22.00
21.90
21.90
21.90
21.90
21.90
21.90
21.90
21.90
21.90
21.90
21.90
21.90
21.90
21.90
21.90
21.90
21.90
21.90
21.90
21.90
21.90
21.90
21.90
21.90
21.90
21.90
21.90
21.90
21.90
21.90
21.90
21.90
21.90
21.80
22.10

Core 5
======
73.80
74.10
74.50
74.60
75.00
68.20
68.40
78.20
78.20
78.10
78.40
78.40
78.60
78.60
78.80
79.20
79.50
79.60
79.00
69.00
69.50
78.80
79.10
79.40
79.90
80.40
80.90
63.60
53.00
53.00
69.40
84.40
84.30
56.30
55.80
47.80
66.10
71.50
71.40
77.80
83.20
83.30
74.20
53.40
53.40
53.40
53.40
53.50
53.60
53.60
53.60
61.90
82.50
82.00
57.60
57.10
56.60
56.30
56.00
55.70
55.50
55.30
55.10
55.00
54.80
54.70
54.60
54.40
54.40
53.90
53.90
53.90
53.90
53.90
53.90
53.90
53.80
53.80
53.80
53.80
48.40
48.90
49.40
49.30
49.40
49.90
50.40
50.90
51.30
51.60
52.00
52.20
52.40
52.60
52.80
52.90
53.10
53.20
53.10
52.70
52.60
52.10
52.00
76.10
83.80
78.20
45.10
54.00
54.00
54.00
54.00
54.00
54.10
54.10
54.10
54.20
54.30
54.20
54.20
54.30
54.30
54.30
54.30
54.30
54.30
54.30
54.30
54.40
54.40
54.40
54.40
54.40
54.40
54.50
54.50
54.60
54.60
54.60
54.60
54.60
54.60
54.60
54.60
54.60
54.60
54.60
54.60
54.60
54.60
54.60
54.70
54.60
54.60
54.60
54.60
54.60
54.60
54.60
54.60
54.60
54.40
54.40
54.40
54.50
54.50
54.50
54.60
54.60
54.60
54.60
54.60
54.70
54.70
54.70
54.70
54.70
54.70
54.70
54.70
54.80
54.80
54.80
54.80
54.80
54.80
54.90
54.90
54.80
54.80
54.80
54.80
54.80
54.80
54.80
54.80
54.90
54.80
54.80
54.90
54.80
54.80
54.80
54.90
54.90
54.80
54.80
54.80
54.40
54.00
54.20
53.60
53.40
53.60
53.80
54.00
54.10
54.20
54.20
54.30
54.40
54.40
54.50
54.00
54.20
54.30
54.30
54.40
54.50
54.60
54.60
54.70
54.70
54.70
54.80
54.90
54.90
54.90
54.90
54.90
55.00
55.00
55.00
55.00
55.00
55.10
55.10
55.10
55.10
55.10
55.10
55.10
55.10
55.10
55.10
55.10
55.10
55.10
55.10
55.10
55.10
55.10
55.00
55.00
55.00
55.10
55.10
55.00
55.20
54.60
54.00
53.80
53.90
54.10
54.20
54.30
54.40
54.50
54.60
54.70
54.70
54.60
49.50
49.50
49.80
55.10
55.00
55.10
55.10
55.10
55.10
55.10
55.10
55.10
55.10
55.10
55.20
55.20
55.10
55.20
55.10
54.90
49.70
49.70
55.30
55.30
55.30
55.20
55.20
55.20
55.20
55.20
55.20
55.20
55.20
55.20
55.20
55.20
55.20
55.30
55.20
55.20
55.20
55.20
55.30
55.30
55.30
55.30
55.30
55.40
55.40
55.40
55.40
55.40
55.40
55.40
55.40
55.40
55.30
55.30
55.30
55.30
55.30
55.30
55.30
55.30
55.30
55.30
55.30
55.30
55.30
55.40
55.40
55.40
55.40
55.40
55.40
55.40
55.40
55.40
55.40
55.40
55.00
54.70
54.70
54.80
54.90
55.00
55.00
55.10
55.10
55.20
55.20
55.30
55.30
55.30
55.30
55.30
55.30
55.40
55.30
55.30
55.30
54.80
54.90
55.10
55.10
55.10
55.20
55.20
54.70
54.20
53.70
53.20
52.80
52.60
52.90
53.20
53.50
53.70
53.90
54.10
54.30
54.50
54.60
54.70
54.80
54.90
55.00
55.10
55.10
55.20
55.20
55.20
55.10
54.60
54.60
54.70
54.80
54.90
55.00
54.60
54.20
54.40
54.60
54.70
54.80
54.90
55.00
55.10
55.10
55.20
55.20
55.30
55.40
55.40
55.40
55.40
55.50
55.50
55.60
55.60
55.60
55.60
55.70
55.70
55.30
55.40
55.40
54.80
54.30
54.20
54.30
54.50
54.60
54.70
54.80
54.90
55.00
55.10
55.10
55.20
55.30
54.70
54.20
54.30
54.50
54.60
54.80
54.90
54.90
55.00
55.10
55.20
55.20
55.30
55.40
55.40
55.40
55.40
55.50
55.50
55.50
55.60
55.60
55.70
55.70
55.70
55.70
55.70
55.20
55.20
55.30
55.40
55.50
55.60
55.60
55.60
55.60
55.60
55.70
50.30
50.40

Idle
====
23.90
23.90
23.90
23.80
23.90
23.90
23.90
23.90
23.90
23.80
23.80
23.80
23.80
23.70
23.70
23.70
23.70
23.60
23.60
23.60
23.50
23.50
23.80
24.00
23.90
23.80
23.70
23.70
23.60
23.50
23.50
23.40
23.40
23.30
23.30
23.30
23.20
23.20
23.20
23.10
23.10
23.10
23.10
23.10
23.10
23.00
23.00
23.20
23.20
23.20
23.10
23.00
23.00
23.00
23.00
22.90
22.90
23.10
23.40
23.30
23.30
23.20
23.20
23.10
23.10
23.10
23.00
23.00
22.90
22.90
22.90
22.90
22.80
22.80
22.70
22.70
22.70
22.70
22.70
22.60
22.60
22.60
22.60
22.50
22.50
22.50
22.50
22.50
22.50
22.50
22.50
22.50
22.40
22.40
22.40
22.40
22.50
22.50
22.40
22.40
22.50
22.40
22.50
22.90
23.00
22.90
22.80
22.70
22.70
22.60
22.60
22.50
22.60
22.90
22.90
22.80
22.70
22.70
22.70
22.70
22.60
22.60
22.50
22.50
22.50
22.50
22.40
22.40
22.40
22.40
22.30
22.30
22.30
22.40
22.40
22.30
22.30
22.30
22.30
22.30
22.30
22.30
22.30
22.30
22.30
22.30
22.30
22.30
22.30
22.30
22.30
22.30
22.30
22.30
22.30
22.30
22.30
22.30
22.30
22.30
22.20
22.20
22.20
22.20
22.20
22.30
22.30
22.30
22.30
22.30
22.30
22.20
22.20
22.20
22.20
22.20
22.20
22.20
22.20
22.20
22.20
22.20
22.20
22.20
22.20
22.20
22.20
22.20
22.20
22.20
22.20
22.10
22.20
22.10
22.10
22.20
22.20
22.10
22.10
22.10
22.10
22.20
22.10
22.10
22.20
22.20
22.10
22.10
22.20
22.10
22.10
22.10
22.10
22.10
22.10
22.10
22.10
22.10
22.10
22.10
22.10
22.10
22.10
22.10
22.00
22.00
22.00
22.10
22.00
22.10
22.00
22.00
22.00
22.10
22.00
22.00
22.00
22.00
22.00
22.00
22.00
22.00
22.10
22.00
22.40
22.40
22.40
22.40
22.30
22.30
22.20
22.20
22.20
22.10
22.10
22.10
22.10
22.10
22.10
22.10
22.10
22.10
22.10
22.10
22.00
22.00
22.00
22.00
22.00
22.00
22.00
22.00
22.00
22.00
22.00
22.00
22.00
22.10
22.10
22.00
22.00
22.00
22.00
22.10
22.10
22.00
22.10
22.00
22.00
22.00
22.00
22.00
22.10
22.00
22.00
22.10
22.00
22.00
22.00
22.20

Core 6
======
73.00
73.50
74.00
74.50
74.50
69.40
69.80
78.80
78.80
79.00
79.30
79.30
79.10
78.80
78.90
79.20
79.50
79.90
80.40
80.60
81.20
81.30
81.10
81.10
81.60
82.00
82.40
70.70
54.50
54.50
54.40
54.50
54.50
54.50
64.60
84.00
84.00
59.20
58.60
58.10
57.70
57.40
57.00
56.70
56.20
55.90
55.70
55.60
55.50
55.40
55.30
55.40
55.30
55.30
55.20
55.10
55.10
55.00
54.90
54.90
54.90
54.50
54.50
54.60
54.60
54.70
54.70
54.80
54.70
54.70
54.80
54.90
54.90
54.90
54.90
54.90
54.90
54.90
54.90
55.00
55.00
55.20
55.10
55.10
55.10
55.10
55.00
55.10
55.10
55.10
55.10
55.20
55.20
55.20
55.20
55.20
55.20
55.30
55.20
55.20
55.20
55.30
55.30
55.30
55.30
55.30
54.90
49.70
49.80
50.10
55.30
55.30
55.30
55.30
55.30
55.30
55.30
55.40
55.40
55.40
55.50
55.50
55.50
55.50
55.50
55.50
55.50
55.40
55.10
55.10
55.20
55.30
55.30
55.30
55.30
55.40
55.40
55.40
54.90
54.50
54.60
54.70
54.90
54.90
54.70
54.70
54.80
54.90
55.00
55.00
55.20
55.20
55.40
55.40
55.50
55.50
55.50
55.50
55.50
55.50
55.60
55.60
55.70
55.70
55.70
55.70
55.70
55.70
55.80
55.70
55.70
55.80
55.90
55.90
55.90
56.00
55.90
55.90
55.90
55.90
55.90
55.90
55.90
55.90
56.00
56.00
56.00
55.90
55.90
55.90
55.90
56.00
56.00
56.00
55.90
55.60
55.60
55.70
55.70
55.70
55.80
55.80
55.80
55.90
56.00
56.00
56.00
56.00
55.40
55.40
55.50
55.50
55.60
55.70
55.80
55.80
55.90
55.90
56.00
55.90
56.00
56.00
56.00
56.10
56.10
56.10
56.10
56.10
56.10
56.10
56.10
56.10
56.20
56.20
56.20
56.20
56.20
56.20
56.20
56.20
56.20
56.20
56.30
56.30
56.00
55.50
55.70
55.60
55.70
55.70
55.80
55.90
55.90
56.00
56.00
56.00
56.10
56.10
56.10
56.20
56.20
56.20
56.20
56.30
56.30
56.30
56.30
56.30
56.30
56.30
56.30
56.30
56.40
56.30
56.40
56.40
56.50
56.50
56.50
56.50
56.50
56.50
56.40
56.40
56.50
56.40
56.40
56.40
56.40
56.40
56.40
56.40
56.40
56.50
56.50
56.50
56.50
56.50
56.50
56.60
56.50
56.50
56.50
56.50
56.60
56.60
56.60
56.60
56.60
56.70
56.70
56.60
56.60
56.60
56.70
56.70
56.70
56.70
56.70
56.70
56.70
56.70
56.60
56.60
56.70
56.70
56.70
56.40
50.90
51.20
56.70
56.50
56.20
56.30
56.30
56.40
56.40
56.50
56.50
56.50
56.30
56.40
56.40
56.40
56.20
50.90
51.10
56.50
56.10
50.90
50.90
50.80
56.50
56.50
56.50
56.50
56.50
50.70
51.20
57.40
57.30
57.20
57.20
57.10
57.10
57.00
57.00
57.00
57.00
57.00
57.00
57.00
56.90
56.90
56.90
56.90
56.90
56.90
56.80
56.90
56.80
56.90
56.90
56.90
56.80
56.80
56.80
56.50
56.60
56.60
56.70
56.70
56.80
56.80
56.70
56.80
56.80
56.90
56.80
56.80
56.80
56.90
56.80
56.80
56.80
56.80
56.80
56.80
56.80
56.80
56.80
56.90
56.90
56.80
56.90
56.80
56.90
56.90
56.50
55.90
55.30
55.50
55.00
55.00
55.20
55.40
55.60
55.80
55.90
56.00
56.10
56.20
56.30
56.40
56.50
56.60
56.70
56.70
56.70
56.70
56.70
56.80
56.80
56.80
56.90
56.90
56.90
56.90
56.90
56.90
56.90
56.80
56.60
56.60
56.60
56.70
56.40
56.20
56.30
56.40
56.50
56.60
56.70
56.70
56.70
56.80
56.80
56.90
56.90
56.80
56.90
56.90
57.00
56.90
57.00
56.90
57.00
57.00
57.00
57.00
57.00
57.00
57.10
57.10
57.00
57.00
57.10
57.20
57.10
57.10
57.10
57.10
57.20
57.20
57.20
57.20
57.20
57.20
57.20
57.20
57.00
56.40

Idle
====
30.70
23.90
23.90
23.90
23.90
23.90
23.90
23.90
23.90
23.90
23.90
23.80
23.80
23.80
23.80
23.80
23.70
23.70
23.70
23.70
23.70
23.70
23.60
23.60
23.50
23.50
23.50
23.40
23.40
23.40
23.40
23.40
23.30
23.30
23.30
23.30
23.20
23.20
23.20
23.20
23.20
23.20
23.10
23.10
23.10
23.10
23.10
23.10
23.00
23.00
23.00
22.90
22.90
22.90
22.90
22.90
22.90
22.90
22.90
22.80
22.80
22.80
22.80
22.80
22.80
22.70
22.70
22.70
22.70
22.70
22.70
22.70
22.70
22.70
22.70
22.70
22.70
22.60
22.60
22.60
22.60
22.70
22.70
22.70
22.70
22.60
22.60
22.60
22.60
22.50
22.50
22.50
22.50
22.50
22.40
22.40
22.40
22.40
22.40
22.40
22.40
22.40
22.40
22.40
22.40
22.40
22.40
22.40
22.40
22.40
22.40
22.40
22.40
22.40
22.40
22.40
22.40
22.40
22.40
22.40
22.40
22.40
22.40
22.30
22.30
22.30
22.30
22.30
22.30
22.40
22.40
22.40
22.30
22.30
22.40
22.30
22.30
22.30
22.30
22.30
22.30
22.30
22.30
22.30
22.30
22.40
22.40
22.40
22.30
22.30
22.30
22.30
22.30
22.20
22.20
22.20
22.20
22.20
22.20
22.20
22.20
22.20
22.20
22.20
22.20
22.20
22.20
22.20
22.20
22.20
22.20
22.20
22.20
22.20
22.10
22.20
22.20
22.20
22.20
22.20
22.20
22.20
22.20
22.10
22.10
22.20
22.20
22.20
22.10
22.10
22.10
22.10
22.10
22.10
22.10
22.10
22.10
22.10
22.10
22.10
22.10
22.10
22.10
22.10
22.00
22.10
22.00
22.10
22.10
22.00
22.10
22.10
22.10
22.00
22.00
22.10
22.00
22.00
22.00
22.00
22.10
22.10
22.00
22.00
22.00
22.00
22.00
22.00
22.00
22.00
22.00
22.00
22.00
22.00
22.00
22.00
22.00
22.00
22.00
22.00
22.00
22.00
22.00
22.00
22.00
22.00
22.10
22.00
22.30
22.60
22.90
22.80
22.70
22.60
22.50
22.40
22.40
22.30
22.60
22.60
22.50
22.40
22.40
22.30
22.20
22.20
22.20
22.20
22.10
22.10
22.00
22.00
22.00
22.00
22.00
22.00
22.00
22.00
22.00
22.00
22.00
22.00
22.00
22.00
22.00
21.90
21.90
21.90
21.90
21.90
21.90
21.90
21.90
21.90
21.90
21.90
21.90
21.80
21.80
21.80

Core 7
======
50.70
81.70
81.10
80.80
80.80
80.70
80.70
80.90
81.20
81.00
81.30
81.70
81.90
81.70
82.00
82.30
82.70
83.20
83.50
83.70
83.70
84.20
84.60
84.00
55.30
55.30
55.20
55.30
55.70
87.30
87.30
70.70
55.70
55.70
55.70
55.60
67.10
87.50
87.40
61.70
55.90
55.70
55.70
55.80
55.80
55.70
55.70
55.70
55.80
55.70
55.80
55.80
55.70
55.70
55.60
55.60
55.60
55.60
55.70
55.70
55.80
55.80
55.80
55.90
55.90
55.90
56.00
55.90
56.00
56.00
56.00
56.00
56.00
56.10
56.10
56.10
56.10
56.10
56.10
56.10
56.00
56.10
56.10
56.20
56.20
56.10
56.10
56.10
56.10
56.10
56.10
56.10
56.20
56.30
56.20
56.30
56.20
56.30
56.30
56.30
56.40
56.30
56.30
56.30
56.30
56.30
56.40
56.40
56.50
56.50
56.50
56.60
56.60
56.50
56.50
56.60
56.60
56.60
56.70
56.70
56.60
56.60
56.70
56.70
56.70
56.70
56.70
56.70
56.80
56.80
56.80
56.80
56.80
56.70
56.80
56.80
56.80
56.80
56.90
56.90
56.90
56.90
57.00
56.90
56.80
56.80
56.90
56.90
56.90
57.00
57.00
57.00
57.10
57.10
57.10
57.10
57.10
57.20
57.30
57.20
57.20
57.30
57.30
57.30
57.30
57.30
57.30
57.30
57.40
57.40
57.40
57.30
57.30
57.30
57.30
57.40
57.40
57.40
57.30
57.30
57.30
57.30
57.40
57.40
57.30
57.30
57.40
57.30
57.40
57.40
57.50
57.50
57.40
57.50
57.50
57.50
57.50
57.50
57.50
57.60
57.60
57.60
57.50
57.60
57.60
57.60
57.50
57.50
57.40
57.50
57.50
57.40
57.40
57.40
57.50
57.50
57.60
57.70
57.70
57.70
57.70
57.60
57.70
57.70
57.70
57.70
57.70
57.80
57.80
57.80
57.90
57.90
57.90
57.90
57.90
57.80
63.60
63.50
63.60
63.60
63.60
63.60
63.50
63.60
63.60
63.60
63.60
63.60
63.60
63.60
63.50
63.50
63.60
63.60
63.70
63.60
63.60
63.60
63.70
63.70
63.70
63.60
63.60
63.60
63.70
63.60
63.60
63.70
63.70
63.70
63.60
63.60
63.60
63.60
63.60
63.60
63.70
63.70
63.70
63.70
63.70
63.70
63.70
63.70
63.80
63.80
63.80
63.80
63.90
63.90
63.90
63.90
63.90
63.90
63.90
63.90
63.90
63.80
63.80
63.80
63.90
63.90
63.80
63.90
63.90
63.90
64.00
63.60
63.60
63.70
63.80
63.80
63.80
63.80
63.90
63.90
63.80
63.80
63.90
63.90
63.90
63.90
63.90
64.00
64.00
64.00
64.00
64.00
64.00
64.00
64.10
64.10
64.10
64.10
64.10
64.00
64.00
64.00
63.90
64.00
64.00
64.00
63.90
63.90
64.00
64.00
64.00
64.00
63.90
64.00
64.00
64.00
63.90
63.90
63.90
64.00
63.90
64.00
64.10
64.10
64.10
64.10
64.10
64.00
64.00
64.00
64.00
64.00
64.10
64.00
64.00
64.00
63.90
64.00
63.90
64.00
64.00
64.00
63.90
64.00
63.90
63.90
64.00
64.00
64.00
64.10
64.10
64.00
64.00
64.10
64.00
64.10
64.20
64.20
64.10
64.10
64.00
63.90
63.90
64.00
64.00
64.00
64.10
64.20
64.30
64.20
64.10
64.00
64.00
64.00
64.10
64.10
64.20
64.30
64.20
64.20
64.30
64.30
64.30
64.40
64.50
64.50
64.50
64.50
64.60
64.60
64.70
64.60
64.70
64.70
64.70
64.70
64.70
64.70
64.70
64.70
64.70
64.60
64.70
64.80
64.80
64.80
64.80
64.70
64.60
64.60
64.60
64.50
64.50
64.50
64.40
64.50
64.50
64.60
64.50
64.50
64.50
64.60
64.70
64.60
64.60
64.60
64.60
64.60
64.60
64.60
64.50
64.50
64.50
64.50
64.50
64.50
64.50
64.40
64.40
64.40
64.40
64.40
64.50
64.40
64.50
64.50
64.50
64.60
64.50
64.50
64.20
64.40
64.30
64.30
64.30
64.30
64.40
64.20
64.00
64.10
64.10
64.10
64.10
64.10
64.10
56.50
56.40
29.90
29.80
29.80
29.80
29.70
29.70
29.60
29.60
29.60
29.50
29.50
29.40
29.40
29.40
29.40
29.30
29.30
29.30
29.20
29.20
29.20
29.10
29.10
29.10
29.10

Idle
====
29.00
29.00
29.00
29.00
28.90
28.90
28.90
28.80
28.80
28.80
28.80
28.80
28.70
28.70
28.70
28.70
28.50
28.60
28.50
28.50
28.50
28.50
28.50
28.40
28.40
28.40
28.40
28.40
28.30
28.30
28.30
28.30
28.30
28.20
28.20
28.20
28.20
28.20
28.20
28.20
28.10
28.10
28.10
28.10
28.00
28.10
28.10
28.00
28.00
28.00
28.00
28.00
28.00
27.90
28.00
28.00
28.00
27.90
27.90
28.00
28.00
27.90
27.90
27.90
27.90
27.90
27.80
27.80
27.80
27.80
27.80
27.80
27.70
27.70
27.70
27.70
27.70
27.80
27.70
27.70
27.70
27.70
27.70
27.70
27.70
27.70
27.70
27.60
27.60
27.60
27.60
27.60
27.50
27.60
27.50
27.50
27.50
27.50
27.50
27.50
27.50
27.50
27.50
27.50
27.50
27.50
27.50
27.50
27.50
27.50
27.50
27.50
27.50
27.50
27.50
27.50
27.50
27.40
27.40
27.40
27.50
27.50
27.40
27.40
27.40
27.40
27.40
27.40
27.40
27.40
27.40
27.40
27.40
27.40
27.40
27.50
27.50
27.50
27.50
27.40
27.40
27.40
27.40
27.40
27.40
27.30
27.40
27.40
27.40
27.40
27.40
27.40
27.40
27.40
27.40
27.30
27.30
27.40
27.30
27.30
27.30
27.30
27.30
27.30
27.30
27.30
27.30
27.30
27.30
27.30
27.30
27.30
27.30
27.30
27.30
27.30
27.30
27.30
27.30
27.20
27.20
27.20
27.20
27.20
27.30
27.30
27.30
27.30
27.20
27.20
27.20
27.60
27.80
28.10
28.10
28.00
27.80
27.80
27.70
27.60
27.60
27.50
27.50
27.40
27.40
27.40
27.40
27.40
27.40
27.30
27.40
27.30
27.30
27.30
27.30
27.30
27.30
27.20
27.20
27.20
27.20
27.20
27.20
27.20
27.20
27.20
27.20
27.20
27.20
27.20
27.20
27.20
27.10
27.10
27.20
27.20
27.20
27.20
27.20
27.20
27.10
27.10
27.10
27.10
27.10
27.10
27.10
27.10
27.10
27.10
27.10
27.10
27.10
27.10
27.10
27.10
27.10
27.10
27.10
27.10
27.10
27.10
27.10
27.10
27.10
27.10
27.20
27.20
27.20
27.20
27.10
27.10
27.10
27.10
27.40

Core 8
======
58.20
58.10
58.10
76.10
57.80
58.00
65.90
65.90
58.20
58.10
77.80
56.90
56.90
56.90
75.90
58.60
58.30
58.70
69.20
60.30
60.30
76.90
57.60
57.30
57.20
77.10
58.00
58.20
63.80
73.00
58.80
58.20
75.50
58.60
58.40
58.70
76.90
54.90
55.10
73.80
61.70
61.20
61.00
73.20
55.10
54.50
55.00
63.60
55.30
54.90
73.40
51.50
51.50
51.50
73.60
54.50
54.50
68.80
57.20
56.70
56.30
72.10
51.30
51.20
51.60
72.10
53.60
53.50
72.60
53.40
53.10
52.90
73.40
55.10
54.90
55.50
64.60
53.40
53.40
74.00
50.50
50.70
57.40
68.80
52.40
52.70
71.30
53.60
53.20
53.10
73.00
52.80
52.90
59.70
67.80
55.10
54.90
73.40
53.00
52.90
59.00
70.90
58.20
57.60
67.40
58.20
50.70
50.40
50.70
50.40
50.20
50.10
50.40
50.20
50.00
50.40
50.20
50.20
49.90
50.40
50.10
49.80
49.80
50.00
49.80
49.60
50.10
49.80
49.80
49.70
50.20
49.90
49.80
49.80
50.00
49.80
49.60
50.10
49.80
49.80
49.70
50.10
49.90
49.70
50.10
50.10
49.90
49.70
50.20
49.90
49.70
49.50
50.00
49.70
49.40
49.60
49.70
49.40
49.30
49.80
49.70
49.60
49.50
50.00
49.90
49.70
50.20
50.10
50.00
49.70
50.20
50.00
49.70
50.00
49.80
49.70
49.50
49.90
49.70
49.40
49.90
69.60
49.70
50.00
67.40
58.40
50.10
50.50
72.30
53.20
53.30
53.40
70.30
53.00
52.70
69.60
60.30
50.50
51.00
74.00
52.40
52.60
66.70
66.10
54.70
54.20
73.20
52.40
52.00
52.00
51.90
51.60
51.30
51.50
51.20
50.80
50.60
50.90
50.60
50.40
50.60
50.70
50.50
50.30
50.60
50.40
50.10
49.90
50.40
50.20
50.00
50.10
50.30
50.10
49.90
50.40
50.10
49.90
49.70
50.20
50.00
49.80
50.10
50.20
49.90
49.70
50.20
49.90
49.70
49.60
50.00
49.70
49.60
50.00
49.90
49.80
49.70
50.20
49.90
49.80
49.90
50.20
50.00
50.00
50.40
50.20
49.90
49.70
50.20
50.00
49.70
49.60
54.70
48.00
48.00
48.60
48.80
48.70
48.70
49.30
49.30
49.20
49.40
49.50
49.50
49.30
49.80
49.60
49.40
49.30
49.80
49.70
49.60
50.10
49.90
49.70
49.50
50.00
49.80
49.50
49.70
49.70
49.70
49.50
50.00
49.80
49.50
49.60
49.90
49.70
49.50
49.90
49.90
49.60
49.50
50.00
49.90
49.80
50.10
50.30
50.00
49.80
50.40
50.30
50.20
50.10
50.60
50.20
50.00
50.30
50.20
50.00
49.80
50.20
50.00
49.80
49.60
50.00
49.90
49.70
50.20
50.00
49.70
49.50
50.10
49.80
49.60
50.00
50.10
49.90
49.70
50.20
50.00
49.80
49.80
50.10
49.90
49.70
50.10
49.90
49.70
49.50
49.90
49.80
49.70
49.80
50.00
49.80
49.60
50.10
49.80
49.70
49.60
50.00
49.90
49.70
50.20
49.90
49.60
49.50
50.10
50.00
49.90
50.00
50.10
49.90
49.70
50.10
49.90
49.70
49.50
50.00
50.00
49.80
49.80
50.00
49.80
49.60
50.10
49.90
49.70
49.70
50.00
49.80
49.60
50.00
49.80
49.60
49.60
50.10
49.90
49.90
50.20
50.20
50.10
49.90
50.50
50.40
50.10
49.90
50.30
50.10
49.80
50.00
50.10
49.80
49.70
50.20
49.90
49.70
49.60
50.10
49.90
49.60
49.80
49.90
49.70
49.60
50.00
49.80
49.70
49.60
50.10
49.80
49.60
50.00
49.90
49.80
49.60
50.10
49.90
49.70
49.70
55.90
50.50
50.20
49.90
50.30
50.20
50.00
49.80
50.30
50.10
49.80
49.90
50.30
50.30
50.00
50.50
50.20
49.90
49.70
50.10
49.90
49.60
49.70
49.90
49.70
49.50
50.00
49.90
49.80
49.60
50.10
49.90
49.70
49.90
50.00
50.00
49.90
50.40
50.10
49.90
49.70
50.20
50.00
49.80
50.10
50.00
49.90
49.90
49.90
49.50


