0.0
0.0
0.0
0.0
0.009852987175477008
0.0
0.0
0.0
0.0
0.181351689612015
1.9293749999999998
1.9712140175219022
1.9687499999999998
1.9687499999999998
1.9269662921348312
1.9761606022584692
1.9269662921348312
1.9736842105263155
1.9293749999999998
2.0081249999999997
1.931789737171464
1.9269662921348312
1.9662921348314604
1.931789737171464
1.9736842105263155
1.9293749999999998
1.9293749999999998
1.9736842105263155
1.9687499999999998
1.931789737171464
1.9712140175219022
1.9293749999999998
1.931789737171464
1.9245635910224437
1.9712140175219022
1.9687499999999998
1.9342105263157892
1.9687499999999998
1.9293749999999998
1.9687499999999998
1.9736842105263155
1.9269662921348312
1.9342105263157892
1.9662921348314604
1.9342105263157892
1.9662921348314604
1.931789737171464
1.931789737171464
1.9736842105263155
1.9269662921348312
1.9342105263157892
1.9613947696139475
1.9736842105263155
1.931789737171464
1.9269662921348312
2.0081249999999997
1.9342105263157892
1.9662921348314604
1.9342105263157892
1.9269662921348312
2.1342534504391466
1.9687499999999998
1.9269662921348312
1.931789737171464
1.9736842105263155
1.9687499999999998
1.9687499999999998
1.9293749999999998
1.9687499999999998
1.9736842105263155
1.9736842105263155
1.9662921348314604
1.9293749999999998
1.9712140175219022
1.8947368421052628
1.9687499999999998
1.9712140175219022
1.9687499999999998
1.931789737171464
1.9712140175219022
1.9736842105263155
1.9687499999999998
1.9293749999999998
2.01063829787234
1.9687499999999998
1.9293749999999998
1.9736842105263155
1.9687499999999998
1.9687499999999998
1.931789737171464
1.9736842105263155
1.9662921348314604
1.9712140175219022
1.9293749999999998
1.9736842105263155
1.9662921348314604
1.9712140175219022
1.9342105263157892
1.9638403990024937
1.9761606022584692
1.9269662921348312
1.9687499999999998
1.9687499999999998
1.9712140175219022
1.9342105263157892
1.9662921348314604
1.9712140175219022
1.9687499999999998
1.931789737171464
1.9736842105263155
1.9687499999999998
1.9687499999999998
1.931789737171464
1.9687499999999998
1.9712140175219022
1.9736842105263155
1.931789737171464
1.9687499999999998
1.9712140175219022
1.9662921348314604
1.931789737171464
2.01063829787234
1.9662921348314604
1.931789737171464
1.9687499999999998
1.9687499999999998
1.9687499999999998
1.9342105263157892
1.9687499999999998
1.9761606022584692
1.9687499999999998
1.9293749999999998
1.9712140175219022
1.9687499999999998
1.9712140175219022
1.9269662921348312
1.9761606022584692
1.9687499999999998
1.9687499999999998
1.9342105263157892
1.9662921348314604
1.9687499999999998
1.9736842105263155
1.9293749999999998
1.9662921348314604
1.9736842105263155
1.9269662921348312
1.9687499999999998
1.9687499999999998
1.9712140175219022
1.931789737171464
1.9687499999999998
1.9687499999999998
1.9712140175219022
1.931789737171464
2.01063829787234
1.9687499999999998
1.9342105263157892
1.9662921348314604
1.9736842105263155
1.9687499999999998
1.931789737171464
1.9712140175219022
1.9638403990024937
1.9761606022584692
1.9269662921348312
1.9712140175219022
1.9687499999999998
1.9712140175219022
1.931789737171464
1.9712140175219022
1.9662921348314604
1.9687499999999998
1.931789737171464
1.9736842105263155
1.9662921348314604
1.9687499999999998
1.9342105263157892
1.9662921348314604
1.9736842105263155
1.9712140175219022
1.9269662921348312
1.9712140175219022
1.9736842105263155
1.9662921348314604
1.9342105263157892
1.9687499999999998
1.9736842105263155
1.9687499999999998
1.9269662921348312
1.9687499999999998
1.9736842105263155
1.9687499999999998
1.9687499999999998
1.9293749999999998
1.931789737171464
1.9687499999999998
1.9736842105263155
1.9687499999999998
1.9293749999999998
1.9736842105263155
1.9712140175219022
1.9687499999999998
1.9269662921348312
1.9712140175219022
1.9712140175219022
1.9687499999999998
1.9269662921348312
1.9712140175219022
1.9712140175219022
1.9687499999999998
1.9342105263157892
1.9687499999999998
1.9786432160804015
1.9687499999999998
1.9464060529634297
2.025851197982345
1.9736842105263155
1.931789737171464
1.9662921348314604
1.9736842105263155
1.9736842105263155
1.9761606022584692
1.9687499999999998
1.9712140175219022
1.9736842105263155
1.9687499999999998
1.9712140175219022
1.9342105263157892
1.9662921348314604
1.9342105263157892
1.9662921348314604
1.9366373902132998
1.9687499999999998
1.9712140175219022
1.9687499999999998
1.9687499999999998
1.9736842105263155
1.931789737171464
1.9687499999999998
1.9712140175219022
1.9687499999999998
1.9687499999999998
1.9736842105263155
1.9687499999999998
1.9712140175219022
1.9687499999999998
1.9342105263157892
1.9687499999999998
1.9712140175219022
1.9687499999999998
1.9761606022584692
1.9366373902132998
1.9786432160804015
1.981132075471698
1.9293749999999998
1.9687499999999998
1.9712140175219022
1.9712140175219022
1.9712140175219022
1.9712140175219022
1.9293749999999998
1.9736842105263155
1.9712140175219022
1.9712140175219022
1.9736842105263155
1.9342105263157892
1.9712140175219022
1.9712140175219022
1.9712140175219022
1.9366373902132998
1.9687499999999998
1.9712140175219022
1.9736842105263155
1.931789737171464
1.9687499999999998
1.9712140175219022
1.9712140175219022
1.9293749999999998
1.981132075471698
1.9712140175219022
1.9712140175219022
1.9712140175219022
1.9342105263157892
1.9761606022584692
1.9736842105263155
1.9736842105263155
1.9712140175219022
1.892365456821026
1.8947368421052628
1.8552631578947365
1.9761606022584692
1.9687499999999998
1.9712140175219022
1.9712140175219022
1.9687499999999998
1.9736842105263155
1.939070351758794
1.892365456821026
1.9687499999999998
1.9761606022584692
1.9736842105263155
1.931789737171464
1.9712140175219022
1.9687499999999998
1.9761606022584692
1.9687499999999998
1.9761606022584692
1.9293749999999998
1.9736842105263155
1.9761606022584692
1.9761606022584692
1.9662921348314604
1.9736842105263155
1.9293749999999998
1.9736842105263155
1.9761606022584692
1.9761606022584692
1.9712140175219022
1.9712140175219022
1.9761606022584692
1.9761606022584692
1.9293749999999998
1.9786432160804015
1.9786432160804015
1.9638403990024937
1.939070351758794
1.9712140175219022
1.9736842105263155
1.9736842105263155
1.9293749999999998
1.9761606022584692
1.9687499999999998
1.9736842105263155
1.9293749999999998
1.9736842105263155
1.9712140175219022
1.9712140175219022
1.9786432160804015
1.9712140175219022
1.9712140175219022
1.9366373902132998
1.9712140175219022
1.9761606022584692
1.9736842105263155
1.9366373902132998
1.9687499999999998
1.9736842105263155
1.9712140175219022
1.9342105263157892
1.9761606022584692
1.9736842105263155
1.9761606022584692
2.0081249999999997
1.9366373902132998
1.9736842105263155
1.9662921348314604
1.9712140175219022
1.9712140175219022
1.931789737171464
1.9712140175219022
1.9736842105263155
1.9687499999999998
1.931789737171464
1.9736842105263155
1.9712140175219022
1.9342105263157892
1.9712140175219022
1.9687499999999998
1.9761606022584692
1.9342105263157892
1.8112499999999998
1.9687499999999998
1.9712140175219022
1.9761606022584692
1.8899999999999997
1.9736842105263155
1.9736842105263155
1.9662921348314604
1.9342105263157892
1.9687499999999998
1.931789737171464
1.9342105263157892
1.9662921348314604
1.9712140175219022
1.9342105263157892
1.9736842105263155
1.9638403990024937
1.9736842105263155
1.9736842105263155
1.9736842105263155
1.9712140175219022
1.9687499999999998
1.9342105263157892
1.9712140175219022
1.9761606022584692
1.9687499999999998
1.9761606022584692
1.9293749999999998
1.9712140175219022
1.9736842105263155
1.9736842105263155
1.9662921348314604
1.9342105263157892
1.9687499999999998
1.9687499999999998
1.9761606022584692
1.9293749999999998
1.9736842105263155
1.9712140175219022
1.9712140175219022
1.9366373902132998
1.9687499999999998
1.931789737171464
1.9736842105263155
1.9712140175219022
1.931789737171464
1.9736842105263155
1.9687499999999998
1.9736842105263155
1.9712140175219022
1.9712140175219022
1.9736842105263155
1.9342105263157892
1.9638403990024937
1.9736842105263155
1.8947368421052628
1.9342105263157892
1.931789737171464
1.887640449438202
1.8899999999999997
1.9712140175219022
1.9687499999999998
1.9786432160804015
1.9269662921348312
1.9712140175219022
1.939070351758794
1.9687499999999998
1.9761606022584692
1.9293749999999998
1.9712140175219022
1.931789737171464
1.9712140175219022
1.9712140175219022
1.931789737171464
1.9736842105263155
1.9687499999999998
1.931789737171464
1.9687499999999998
1.9687499999999998
1.9342105263157892
1.9687499999999998
1.931789737171464
1.9736842105263155
1.9687499999999998
1.931789737171464
1.9687499999999998
1.9761606022584692
1.9342105263157892
1.9761606022584692
1.9687499999999998
1.9712140175219022
1.9293749999999998
1.9736842105263155
1.9712140175219022
1.9712140175219022
1.931789737171464
1.9736842105263155
1.9736842105263155
1.9662921348314604
1.931789737171464
2.01063829787234
1.9687499999999998
1.9342105263157892
1.9712140175219022
1.9736842105263155
1.9687499999999998
1.9366373902132998
1.9687499999999998
1.9736842105263155
1.9687499999999998
1.9366373902132998
1.9662921348314604
1.9712140175219022
1.9712140175219022
1.9293749999999998
1.9736842105263155
1.9687499999999998
1.9761606022584692
1.9245635910224437
1.9761606022584692
1.9687499999999998
1.9712140175219022
1.939070351758794
1.6123595505617976
1.9342105263157892
1.9712140175219022
1.9712140175219022
1.9712140175219022
1.9736842105263155
1.9269662921348312
1.9761606022584692
1.9712140175219022
1.8622641509433961
1.9197761194029848
1.9712140175219022
1.9712140175219022
1.9761606022584692
1.9293749999999998
0.0
0.0
0.0
0.0
0.0
0.0
0.0
0.0
0.0
0.0
0.0
0.0
0.0
0.0
0.0
0.0
0.0
0.0
0.0
0.0
0.0
0.0
0.0
0.0
0.0
0.0
0.0
0.0
0.0
0.0
0.0
0.0
0.0
0.0
0.0
0.0
0.0
0.0
0.0
0.0
0.0
0.000
0.000
0.000
0.000
0.000
0.000
0.000
0.000
0.000
0.000
0.000
0.000
0.000
0.000
0.000
0.000
0.000
0.000
0.000
0.000
0.000
0.000
0.000
0.000
0.000
0.000
0.000
0.000
0.000
0.000
0.000
0.000
0.000
0.000
0.000
0.000
0.000
0.000
0.000
0.000
0.000
0.000
0.000
0.000
0.000
0.000
0.000
0.000
0.000
0.000
0.000
0.000
0.000
0.000
0.000
0.000
0.000
0.000
0.000
0.000
0.000
0.000
0.000
0.000
0.000
0.000
0.000
0.000
0.000
0.000
0.000
0.000
0.000
0.000
0.000
0.000
0.000
0.000
0.000
0.000
0.000
0.000
0.000
0.000
0.000
0.000
0.000
0.000
0.000
0.000
0.000
0.000
0.000
0.000
0.000
0.000
0.000
0.000
0.000
0.000
0.000
0.000
0.000
0.000
0.000
0.000
0.000
0.000
0.000
0.000
0.000
0.000
0.000
0.000
0.000
0.000
0.000
0.000
0.000
0.000
0.000
0.000
0.000
0.000
0.000
0.000
0.000
0.000
0.000
0.000
0.000
0.000
0.000
0.000
0.000
0.000
0.000
0.000
0.000
0.000
0.000
0.000
0.000
0.000
0.000
0.000
0.000
0.000
0.000
0.000
0.000
0.000
0.000
0.000
0.000
0.000
0.000
0.000
0.000
0.000
0.000
0.000
0.000
0.000
0.000
0.000
0.000
0.000
0.000
0.000
0.000
0.000
0.000
0.000
0.000
0.000
0.000
0.000
0.000
0.000
0.000
0.000
0.000
0.000
0.000
0.000
0.000
0.000
0.000
0.000
0.000
0.000
0.000
0.000
0.000
0.000
0.000
0.000
0.000
0.000
0.000
0.000
0.000
0.000
0.000
0.000
0.000
0.000
0.000
0.000
0.000
0.000
0.000
0.000
0.000
0.000
0.000
0.000
0.000
0.000
0.000
0.000
0.000
0.000
0.000
0.000
0.000
0.000
0.000
0.000
0.000
0.000
0.000
0.000
0.000
0.000
0.000
0.000
0.000
0.000
0.000
0.000
0.000
0.000
0.000
0.000
0.000
0.000
0.000
0.000
0.000
0.000
0.000
0.000
0.000
0.000
0.000
0.000
0.000
0.000
0.000
0.000
0.000
0.000
0.000
0.000
0.000
0.000
0.000
0.000
0.000
0.000
0.000
0.000
0.000
0.000
0.000
0.000
0.000
0.000
0.000
0.000
0.000
0.000
0.000
0.000
0.000
0.000
0.000
0.000
0.000
0.000
0.000
0.000
0.000
0.000
0.000
0.000
0.000
0.000
0.0
0.0
0.019613947696139476
0.0
0.0
0.0
0.0
0.0
0.0
0.2367573371510379
3.8981249999999994
3.9127979924717686
3.9276807980049875
3.947368421052631
3.9078947368421044
3.863579474342928
3.9424280350438043
3.9030037546933665
3.9424280350438043
3.9030037546933665
3.947368421052631
3.9030037546933665
3.9030037546933665
3.9424280350438043
3.8981249999999994
3.9424280350438043
3.9030037546933665
3.9424280350438043
3.9030037546933665
3.947368421052631
3.8981249999999994
3.9424280350438043
3.9030037546933665
3.9030037546933665
3.9374999999999996
3.9030037546933665
3.9078947368421044
3.947368421052631
3.8981249999999994
3.9424280350438043
3.8981249999999994
3.9127979924717686
3.9424280350438043
3.8981249999999994
3.9374999999999996
3.9078947368421044
3.9325842696629207
3.8977272727272725
3.947270471464019
3.9325842696629207
3.9078947368421044
3.9374999999999996
3.9078947368421044
3.9030037546933665
3.8932584269662915
3.9523212045169385
3.8932584269662915
3.9523212045169385
3.8835616438356158
3.947368421052631
3.9078947368421044
3.8932584269662915
3.9030037546933665
3.8732747804265997
3.9374999999999996
3.9424280350438043
3.8932584269662915
3.947368421052631
3.9030037546933665
3.9424280350438043
3.8932584269662915
3.9030037546933665
3.9424280350438043
3.9374999999999996
3.9127979924717686
3.8932584269662915
3.9078947368421044
3.9030037546933665
3.9424280350438043
3.9424280350438043
3.9030037546933665
3.9078947368421044
3.9325842696629207
3.9078947368421044
3.8981249999999994
3.9374999999999996
3.9030037546933665
3.9374999999999996
3.9030037546933665
3.9030037546933665
3.9325842696629207
3.9078947368421044
3.9078947368421044
3.8884039900249374
3.863579474342928
3.8587499999999997
3.8981249999999994
3.9030037546933665
3.8587499999999997
3.8539325842696623
3.863579474342928
3.9424280350438043
3.9078947368421044
3.9030037546933665
3.8932584269662915
3.8587499999999997
3.9030037546933665
3.8587499999999997
3.9374999999999996
3.8981249999999994
3.9424280350438043
3.9030037546933665
3.9424280350438043
3.8981249999999994
3.9424280350438043
3.8587499999999997
3.8684210526315783
3.8587499999999997
3.9030037546933665
3.8932584269662915
3.8732747804265997
3.8587499999999997
3.9030037546933665
3.9424280350438043
3.8241551939924903
3.863579474342928
3.8981249999999994
3.9424280350438043
3.8981249999999994
3.9523212045169385
3.8981249999999994
3.9374999999999996
3.8587499999999997
3.9078947368421044
3.7012499999999995
3.947368421052631
3.8981249999999994
3.8981249999999994
3.8241551939924903
3.8981249999999994
3.9030037546933665
3.9424280350438043
3.8981249999999994
3.9523212045169385
3.8981249999999994
3.8981249999999994
3.947368421052631
3.8932584269662915
3.947368421052631
3.9078947368421044
3.9325842696629207
3.9030037546933665
3.9424280350438043
3.9078947368421044
3.8884039900249374
3.8684210526315783
3.9030037546933665
3.8981249999999994
3.9424280350438043
3.8981249999999994
3.9523212045169385
3.9078947368421044
3.9374999999999996
3.9030037546933665
3.9374999999999996
3.9030037546933665
3.9523212045169385
3.8981249999999994
3.9374999999999996
3.9030037546933665
3.9424280350438043
3.8981249999999994
3.9078947368421044
3.9424280350438043
3.9424280350438043
3.9078947368421044
3.9424280350438043
3.8981249999999994
3.9424280350438043
3.8932584269662915
3.947368421052631
3.8981249999999994
3.9127979924717686
3.9030037546933665
3.9374999999999996
3.8981249999999994
3.9374999999999996
3.9127979924717686
3.8981249999999994
3.9325842696629207
3.8981249999999994
3.9078947368421044
3.9374999999999996
3.947368421052631
3.8981249999999994
3.947368421052631
3.9030037546933665
3.8981249999999994
3.947368421052631
3.9078947368421044
3.8884039900249374
3.947368421052631
3.8981249999999994
3.9325842696629207
3.9078947368421044
3.9078947368421044
3.8981249999999994
3.9818523153942422
3.8981249999999994
3.947368421052631
3.8981249999999994
3.9374999999999996
3.9030037546933665
3.9424280350438043
3.9030037546933665
3.8932584269662915
3.9424280350438043
3.9078947368421044
3.8241551939924903
3.8539325842696623
3.9325842696629207
3.9177135678391957
3.8193749999999995
3.9030037546933665
3.8981249999999994
3.9127979924717686
3.9374999999999996
3.8981249999999994
3.9424280350438043
3.9078947368421044
3.9078947368421044
3.9768749999999997
3.9078947368421044
3.8884039900249374
3.9325842696629207
3.9030037546933665
3.947368421052631
3.9078947368421044
3.9424280350438043
3.9078947368421044
3.9374999999999996
3.9030037546933665
3.8932584269662915
3.947368421052631
3.8884039900249374
3.9078947368421044
3.9374999999999996
3.9030037546933665
3.9325842696629207
3.9127979924717686
3.9127979924717686
3.9374999999999996
3.9030037546933665
3.9325842696629207
3.947368421052631
3.8981249999999994
3.9424280350438043
3.710526315789473
3.9424280350438043
3.8981249999999994
3.9424280350438043
3.8981249999999994
3.9523212045169385
3.8981249999999994
3.9030037546933665
3.9374999999999996
3.9030037546933665
3.986842105263157
3.9030037546933665
3.9374999999999996
3.9078947368421044
3.9424280350438043
3.9030037546933665
3.9424280350438043
3.9030037546933665
3.8884039900249374
3.9523212045169385
3.8981249999999994
3.947368421052631
3.8981249999999994
3.9424280350438043
3.9030037546933665
3.8981249999999994
3.947368421052631
3.9078947368421044
3.9276807980049875
3.9030037546933665
3.8241551939924903
3.8587499999999997
3.9030037546933665
3.8684210526315783
3.8587499999999997
3.9030037546933665
3.9030037546933665
3.8932584269662915
3.9030037546933665
3.9078947368421044
3.9424280350438043
3.9030037546933665
3.9374999999999996
3.9127979924717686
3.9424280350438043
3.8491271820448874
3.8241551939924903
3.9078947368421044
3.8587499999999997
3.9078947368421044
3.8932584269662915
3.9078947368421044
3.9424280350438043
3.9030037546933665
3.9424280350438043
3.8981249999999994
3.947368421052631
3.8981249999999994
3.9374999999999996
3.9424280350438043
3.8932584269662915
3.947368421052631
3.8981249999999994
3.9078947368421044
3.9374999999999996
3.9030037546933665
3.9030037546933665
3.9424280350438043
3.9078947368421044
3.9374999999999996
3.9030037546933665
3.9374999999999996
3.9078947368421044
3.9030037546933665
3.9374999999999996
3.9030037546933665
3.9424280350438043
3.8981249999999994
3.8981249999999994
3.9424280350438043
3.9030037546933665
3.9030037546933665
3.9424280350438043
3.9030037546933665
3.9078947368421044
3.9325842696629207
3.9030037546933665
3.8932584269662915
3.9424280350438043
3.9127979924717686
3.9424280350438043
3.9030037546933665
3.9374999999999996
3.9078947368421044
3.9030037546933665
3.9276807980049875
3.9078947368421044
3.9127979924717686
3.8491271820448874
3.9127979924717686
3.9424280350438043
3.8981249999999994
3.9078947368421044
3.9325842696629207
3.9078947368421044
3.8981249999999994
3.9424280350438043
3.9030037546933665
3.9078947368421044
3.8932584269662915
3.9424280350438043
3.9030037546933665
3.9424280350438043
3.9127979924717686
3.9374999999999996
3.8981249999999994
3.9424280350438043
3.8932584269662915
3.9127979924717686
3.9424280350438043
3.9030037546933665
3.9424280350438043
3.9030037546933665
3.6618749999999993
3.9078947368421044
3.9424280350438043
3.8981249999999994
3.9374999999999996
3.9078947368421044
3.9424280350438043
3.9030037546933665
3.9374999999999996
3.947368421052631
3.8932584269662915
3.9424280350438043
3.9078947368421044
3.9424280350438043
3.8932584269662915
3.9127979924717686
3.9424280350438043
3.8981249999999994
3.9424280350438043
3.8981249999999994
3.9030037546933665
3.9374999999999996
3.9078947368421044
3.9374999999999996
3.9078947368421044
3.9424280350438043
3.9127979924717686
3.9374999999999996
3.9078947368421044
3.9030037546933665
3.9374999999999996
3.9030037546933665
3.9374999999999996
3.9078947368421044
3.9374999999999996
3.9030037546933665
3.9030037546933665
3.9424280350438043
3.8193749999999995
3.8193749999999995
3.9127979924717686
3.9374999999999996
3.8981249999999994
3.9078947368421044
3.8981249999999994
3.8932584269662915
3.9424280350438043
3.863579474342928
3.8981249999999994
3.9523212045169385
3.8932584269662915
3.8289473684210518
3.8587499999999997
3.9030037546933665
3.8981249999999994
3.9374999999999996
3.9078947368421044
4.100125156445556
3.9325842696629207
3.9030037546933665
3.9030037546933665
3.9424280350438043
3.8981249999999994
3.9030037546933665
3.9424280350438043
3.9030037546933665
3.9523212045169385
3.8981249999999994
3.9424280350438043
3.9030037546933665
3.9078947368421044
3.9424280350438043
3.9078947368421044
3.8981249999999994
3.9424280350438043
3.8884039900249374
3.9424280350438043
3.8981249999999994
3.947368421052631
3.9030037546933665
3.9030037546933665
3.8193749999999995
3.863579474342928
3.863579474342928
3.8981249999999994
3.9523212045169385
3.9078947368421044
3.9325842696629207
3.9030037546933665
3.9078947368421044
3.9424280350438043
3.9030037546933665
3.947368421052631
3.9030037546933665
3.9325842696629207
3.9127979924717686
3.9424280350438043
3.9030037546933665
3.947368421052631
3.8981249999999994
3.9325842696629207
3.9127979924717686
3.9374999999999996
3.9078947368421044
3.9424280350438043
3.9030037546933665
3.9424280350438043
3.8981249999999994
3.9374999999999996
3.9030037546933665
3.9127979924717686
3.8587499999999997
3.8193749999999995
3.9276807980049875
3.878140703517588
3.8146067415730336
3.863579474342928
3.9030037546933665
3.8932584269662915
3.9030037546933665
3.8981249999999994
3.947368421052631
3.9030037546933665
3.9374999999999996
3.9078947368421044
3.9424280350438043
3.8981249999999994
3.9374999999999996
3.9078947368421044
0.0
0.0
0.0
0.0
0.0
0.0
0.0
0.0
0.0
0.0
0.0
0.0
0.0
0.0
0.0
0.0
0.0
0.0
0.0
0.0
0.0
0.0
0.0
0.0
0.0
0.0
0.0
0.0
0.0
0.0
0.0
0.0
0.0
0.0
0.0
0.0
0.0
0.0
0.0
0.0
0.0
0.000
0.000
0.000
0.000
0.000
0.000
0.000
0.000
0.000
0.000
0.000
0.000
0.000
0.000
0.000
0.000
0.000
0.000
0.000
0.000
0.000
0.000
0.000
0.000
0.000
0.000
0.000
0.000
0.000
0.000
0.000
0.000
0.000
0.000
0.000
0.000
0.000
0.000
0.000
0.000
0.000
0.000
0.000
0.000
0.000
0.000
0.000
0.000
0.000
0.000
0.000
0.000
0.000
0.000
0.000
0.000
0.000
0.000
0.000
0.000
0.000
0.000
0.000
0.000
0.000
0.000
0.000
0.000
0.000
0.000
0.000
0.000
0.000
0.000
0.000
0.000
0.000
0.000
0.000
0.000
0.000
0.000
0.000
0.000
0.000
0.000
0.000
0.000
0.000
0.000
0.000
0.000
0.000
0.000
0.000
0.000
0.000
0.000
0.000
0.000
0.000
0.000
0.000
0.000
0.000
0.000
0.000
0.000
0.000
0.000
0.000
0.000
0.000
0.000
0.000
0.000
0.000
0.000
0.000
0.000
0.000
0.000
0.000
0.000
0.000
0.000
0.000
0.000
0.000
0.000
0.000
0.000
0.000
0.000
0.000
0.000
0.000
0.000
0.000
0.000
0.000
0.000
0.000
0.000
0.000
0.000
0.000
0.000
0.000
0.000
0.000
0.000
0.000
0.000
0.000
0.000
0.000
0.000
0.000
0.000
0.000
0.000
0.000
0.000
0.000
0.000
0.000
0.000
0.000
0.000
0.000
0.000
0.000
0.000
0.000
0.000
0.000
0.000
0.000
0.000
0.000
0.000
0.000
0.000
0.000
0.000
0.000
0.000
0.000
0.000
0.000
0.000
0.000
0.000
0.000
0.000
0.000
0.000
0.000
0.000
0.000
0.000
0.000
0.000
0.000
0.000
0.000
0.000
0.000
0.000
0.000
0.000
0.000
0.000
0.000
0.000
0.000
0.000
0.000
0.000
0.000
0.000
0.000
0.000
0.000
0.000
0.000
0.000
0.000
0.000
0.000
0.000
0.000
0.000
0.000
0.000
0.000
0.000
0.000
0.000
0.000
0.000
0.000
0.000
0.000
0.000
0.000
0.000
0.000
0.000
0.000
0.000
0.000
0.000
0.000
0.000
0.000
0.000
0.000
0.000
0.000
0.000
0.000
0.000
0.000
0.000
0.000
0.000
0.000
0.000
0.000
0.000
0.000
0.000
0.000
0.000
0.000
0.000
0.000
0.000
0.000
0.000
0.000
0.000
0.000
0.000
0.000
0.000
0.000
0.000
0.000
0.000
0.000
0.000
0.000
0.000
0.000
0.000
0.000
0.000
0.0
0.0
0.0
0.0
0.0
0.0
0.0
0.0
0.0
0.20152990264255907
3.9078947368421044
3.863579474342928
3.820544554455445
3.9374999999999996
3.9127979924717686
3.8981249999999994
3.8981249999999994
3.947368421052631
3.8981249999999994
3.947368421052631
3.5437499999999997
3.9030037546933665
3.9424280350438043
3.9374999999999996
3.9374999999999996
3.9127979924717686
3.9523212045169385
3.8981249999999994
3.893695920889987
3.9474683544303795
3.9374999999999996
3.9030037546933665
3.9523212045169385
3.8884039900249374
3.9127979924717686
3.9424280350438043
3.9030037546933665
3.9078947368421044
3.9374999999999996
3.9078947368421044
3.947368421052631
3.864312267657992
3.977272727272727
3.9030037546933665
3.898514851485148
3.9474683544303795
3.9078947368421044
3.9081885856079404
3.8981249999999994
3.942477876106194
3.947368421052631
3.8587499999999997
3.8981249999999994
3.947368421052631
3.9030037546933665
3.898514851485148
3.9275818639798485
3.947368421052631
3.8981249999999994
3.9030037546933665
3.9424280350438043
3.947368421052631
3.893695920889987
3.9474683544303795
3.9276807980049875
3.9177135678391957
3.9424280350438043
3.8981249999999994
3.9424280350438043
3.8981249999999994
3.9325842696629207
3.9127979924717686
3.9325842696629207
3.9078947368421044
3.898514851485148
3.9078947368421044
3.967254408060453
3.8981249999999994
3.9127979924717686
3.9374999999999996
3.9030037546933665
3.8981249999999994
3.9374999999999996
3.947368421052631
3.947368421052631
3.8595297029702964
3.8932584269662915
3.9823008849557513
3.9030037546933665
3.9374999999999996
3.9078947368421044
3.9078947368421044
3.9424280350438043
3.8981249999999994
3.913043478260869
3.8835616438356158
3.952471482889733
3.898514851485148
3.9374999999999996
3.9424280350438043
3.8595297029702964
3.942477876106194
3.9374999999999996
3.9078947368421044
3.9424280350438043
3.9030037546933665
3.8884039900249374
3.9523212045169385
3.8932584269662915
3.947368421052631
3.9078947368421044
3.8691066997518604
3.9374999999999996
3.942477876106194
3.9424280350438043
3.9030037546933665
3.9325842696629207
3.9424280350438043
3.9078947368421044
3.898514851485148
3.9030037546933665
3.9823008849557513
3.8691066997518604
3.942477876106194
3.9424280350438043
3.8981249999999994
3.9374999999999996
3.9374999999999996
3.9030037546933665
3.903345724907063
3.8981249999999994
3.9823008849557513
3.864312267657992
3.9823008849557513
3.9030037546933665
3.9424280350438043
3.9030037546933665
3.9523212045169385
3.8981249999999994
3.903345724907063
3.9078947368421044
3.9374999999999996
3.9078947368421044
3.6988636363636362
3.9127979924717686
3.898514851485148
3.972257250945775
3.9078947368421044
3.893695920889987
3.9873417721518987
3.9030037546933665
3.9081885856079404
3.8981249999999994
3.9424280350438043
3.9374999999999996
3.8981249999999994
3.9823008849557513
3.9127979924717686
3.9424280350438043
3.8932584269662915
3.9081885856079404
3.942477876106194
3.947368421052631
3.9374999999999996
3.8595297029702964
3.977272727272727
3.9078947368421044
3.854758961681087
3.9474683544303795
3.863579474342928
3.820544554455445
3.902654867256637
3.8732747804265997
3.898514851485148
3.9030037546933665
3.8932584269662915
3.942477876106194
3.9325842696629207
3.9127979924717686
3.898514851485148
3.9030037546933665
3.9030037546933665
3.9424280350438043
3.9078947368421044
3.9374999999999996
3.863579474342928
3.902654867256637
3.8595297029702964
3.8981249999999994
3.9374999999999996
3.903345724907063
3.9374999999999996
3.9081885856079404
3.9030037546933665
3.977272727272727
3.9078947368421044
3.9374999999999996
3.9127979924717686
3.9374999999999996
3.8981249999999994
3.8691066997518604
3.9374999999999996
3.8981249999999994
3.9078947368421044
3.893695920889987
3.9823008849557513
3.864312267657992
3.9873417721518987
3.854758961681087
4.022123893805309
3.864312267657992
3.977272727272727
3.9030037546933665
3.9424280350438043
3.9030037546933665
3.9424280350438043
3.9030037546933665
3.9424280350438043
3.8981249999999994
3.947368421052631
3.8932584269662915
3.9424280350438043
3.9078947368421044
3.9374999999999996
3.9030037546933665
3.8158220024721876
3.9325346784363173
3.9078947368421044
3.8587499999999997
3.8241551939924903
3.9030037546933665
3.9424280350438043
3.7815594059405937
3.9474683544303795
3.9325842696629207
3.9078947368421044
3.9325842696629207
3.9078947368421044
3.9424280350438043
3.8595297029702964
3.942477876106194
3.9424280350438043
3.8932584269662915
3.903345724907063
3.9474683544303795
3.8595297029702964
3.9873417721518987
3.9078947368421044
3.9325842696629207
3.8981249999999994
3.947368421052631
3.8981249999999994
3.947368421052631
3.9177135678391957
3.893695920889987
3.9474683544303795
3.9374999999999996
3.9424280350438043
3.9127979924717686
3.9325842696629207
3.8981249999999994
3.9177135678391957
3.898514851485148
3.942477876106194
3.947368421052631
3.8981249999999994
3.9423791821561336
3.942477876106194
3.8691066997518604
3.967254408060453
3.9127979924717686
3.9374999999999996
3.903345724907063
3.9325346784363173
3.898514851485148
3.952471482889733
3.9523212045169385
3.854758961681087
3.972257250945775
3.9078947368421044
3.8981249999999994
3.9374999999999996
3.9078947368421044
3.9424280350438043
3.8499999999999996
4.022123893805309
3.9127979924717686
3.8884039900249374
3.9424280350438043
3.9030037546933665
3.9325842696629207
4.02127659574468
3.947368421052631
3.8595297029702964
3.977272727272727
3.9078947368421044
3.893695920889987
3.9374999999999996
3.9078947368421044
3.9424280350438043
3.864312267657992
3.967254408060453
3.9078947368421044
3.893695920889987
3.942477876106194
3.9078947368421044
3.9374999999999996
3.8981249999999994
3.986842105263157
3.8981249999999994
3.9030037546933665
3.9030037546933665
3.947368421052631
3.9030037546933665
3.9374999999999996
3.9030037546933665
3.947368421052631
3.9030037546933665
3.8981249999999994
3.9523212045169385
3.8595297029702964
3.9823008849557513
3.9078947368421044
3.903345724907063
3.8981249999999994
3.9823008849557513
3.9030037546933665
3.947368421052631
3.8981249999999994
3.8691066997518604
3.9424280350438043
3.9275818639798485
3.9523212045169385
3.8252788104089213
3.9823008849557513
3.8595297029702964
3.942477876106194
3.9424280350438043
3.8932584269662915
3.947368421052631
3.9030037546933665
3.9374999999999996
3.8691066997518604
3.972257250945775
3.8739130434782605
3.9424280350438043
3.9374999999999996
3.903345724907063
3.8932584269662915
3.992395437262357
3.9374999999999996
3.9078947368421044
3.9374999999999996
3.9078947368421044
3.903345724907063
3.8884039900249374
3.9974619289340096
3.8981249999999994
3.9424280350438043
3.864312267657992
3.9823008849557513
3.9030037546933665
3.8981249999999994
3.947368421052631
3.8981249999999994
3.9424280350438043
3.8691066997518604
3.972257250945775
3.9177135678391957
3.898514851485148
3.9374999999999996
3.903345724907063
3.9474683544303795
3.9374999999999996
3.8932584269662915
3.9523212045169385
3.8932584269662915
3.947368421052631
3.8981249999999994
3.9424280350438043
3.8691066997518604
3.8932584269662915
3.992395437262357
3.8595297029702964
3.9276807980049875
3.9474683544303795
3.7894736842105257
3.8539325842696623
3.9078947368421044
3.6481942714819424
3.9078947368421044
3.903345724907063
3.9078947368421044
3.8981249999999994
3.9823008849557513
3.9030037546933665
3.9374999999999996
3.9078947368421044
3.947368421052631
3.9030037546933665
3.9374999999999996
3.9030037546933665
3.898514851485148
3.9574873096446694
3.9276807980049875
4.100125156445556
3.9078947368421044
3.864312267657992
3.977272727272727
3.8981249999999994
3.947368421052631
3.8491271820448874
3.947368421052631
3.8981249999999994
3.9081885856079404
3.9325346784363173
3.9081885856079404
3.9474683544303795
3.9374999999999996
3.9078947368421044
3.947368421052631
3.864312267657992
3.977272727272727
3.864312267657992
3.9374999999999996
3.9823008849557513
3.9030037546933665
3.9374999999999996
3.9078947368421044
3.9325842696629207
3.9078947368421044
3.903345724907063
3.9030037546933665
3.977272727272727
3.864312267657992
3.9374999999999996
3.952471482889733
3.898514851485148
3.8981249999999994
3.9823008849557513
3.9374999999999996
3.9030037546933665
3.8981249999999994
3.9081885856079404
3.9474683544303795
3.893695920889987
3.942477876106194
3.947368421052631
3.8691066997518604
3.8932584269662915
3.9873417721518987
3.854758961681087
3.9873417721518987
3.9030037546933665
3.9423791821561336
3.9030037546933665
3.977272727272727
3.9030037546933665
3.903345724907063
3.9030037546933665
3.942477876106194
3.898514851485148
3.9574873096446694
3.9325842696629207
4.095
3.9127979924717686
3.898514851485148
3.942477876106194
3.8595297029702964
3.9424280350438043
3.9374999999999996
3.9424280350438043
3.8981249999999994
3.8691066997518604
3.977272727272727
3.8981249999999994
3.9374999999999996
3.9078947368421044
3.9374999999999996
3.9030037546933665
3.9424280350438043
3.9030037546933665
3.893695920889987
3.942477876106194
3.864312267657992
3.9424280350438043
3.9823008849557513
3.9374999999999996
3.9078947368421044
3.898514851485148
3.942477876106194
3.903345724907063
3.9374999999999996
3.8739130434782605
3.9374999999999996
3.9325346784363173
3.898514851485148
3.942477876106194
3.8981249999999994
3.947368421052631
3.8932584269662915
3.9030037546933665
3.947368421052631
3.9030037546933665
3.898514851485148
3.9078947368421044
3.972257250945775
3.9078947368421044
3.9374999999999996
0.0
0.0
0.0
0.0
0.0
0.0
0.0
0.0
0.0
0.0
0.0
0.0
0.0
0.0
0.0
0.0
0.0
0.0
0.0
0.0
0.0
0.0
0.0
0.0
0.0
0.0
0.0
0.0
0.0
0.0
0.0
0.0
0.0
0.0
0.0
0.0
0.0
0.0
0.0
0.0
0.0
0.000
0.000
0.000
0.000
0.000
0.000
0.000
0.000
0.000
0.000
0.000
0.000
0.000
0.000
0.000
0.000
0.000
0.000
0.000
0.000
0.000
0.000
0.000
0.000
0.000
0.000
0.000
0.000
0.000
0.000
0.000
0.000
0.000
0.000
0.000
0.000
0.000
0.000
0.000
0.000
0.000
0.000
0.000
0.000
0.000
0.000
0.000
0.000
0.000
0.000
0.000
0.000
0.000
0.000
0.000
0.000
0.000
0.000
0.000
0.000
0.000
0.000
0.000
0.000
0.000
0.000
0.000
0.000
0.000
0.000
0.000
0.000
0.000
0.000
0.000
0.000
0.000
0.000
0.000
0.000
0.000
0.000
0.000
0.000
0.000
0.000
0.000
0.000
0.000
0.000
0.000
0.000
0.000
0.000
0.000
0.000
0.000
0.000
0.000
0.000
0.000
0.000
0.000
0.000
0.000
0.000
0.000
0.000
0.000
0.000
0.000
0.000
0.000
0.000
0.000
0.000
0.000
0.000
0.000
0.000
0.000
0.000
0.000
0.000
0.000
0.000
0.000
0.000
0.000
0.000
0.000
0.000
0.000
0.000
0.000
0.000
0.000
0.000
0.000
0.000
0.000
0.000
0.000
0.000
0.000
0.000
0.000
0.000
0.000
0.000
0.000
0.000
0.000
0.000
0.000
0.000
0.000
0.000
0.000
0.000
0.000
0.000
0.000
0.000
0.000
0.000
0.000
0.000
0.000
0.000
0.000
0.000
0.000
0.000
0.000
0.000
0.000
0.000
0.000
0.000
0.000
0.000
0.000
0.000
0.000
0.000
0.000
0.000
0.000
0.000
0.000
0.000
0.000
0.000
0.000
0.000
0.000
0.000
0.000
0.000
0.000
0.000
0.000
0.000
0.000
0.000
0.000
0.000
0.000
0.000
0.000
0.000
0.000
0.000
0.000
0.000
0.000
0.000
0.000
0.000
0.000
0.000
0.000
0.000
0.000
0.000
0.000
0.000
0.000
0.000
0.000
0.000
0.000
0.000
0.000
0.000
0.000
0.000
0.000
0.000
0.000
0.000
0.000
0.000
0.000
0.000
0.000
0.000
0.000
0.000
0.000
0.000
0.000
0.000
0.000
0.000
0.000
0.000
0.000
0.000
0.000
0.000
0.000
0.000
0.000
0.000
0.000
0.000
0.000
0.000
0.000
0.000
0.000
0.000
0.000
0.000
0.000
0.000
0.000
0.000
0.000
0.000
0.000
0.000
0.000
0.000
0.000
0.000
0.000
0.000
0.000
0.000
0.000
0.000
0.000
0.000
0.000
0.000
0.000
0.000
0.0
0.0
0.0
0.0
0.0
0.0
0.0
0.0
0.0
0.30212677231025853
7.825595984943537
7.786516853932583
7.815789473684209
7.835624999999999
7.855263157894735
7.806007509386733
7.84543178973717
7.737531172069825
7.84543178973717
7.924778761061945
7.758044554455444
7.884955752212388
7.816377171215881
7.806007509386733
7.8651685393258415
7.806007509386733
7.874999999999999
7.806007509386733
7.84543178973717
7.835624999999999
7.884955752212388
7.767657992565055
7.855263157894735
7.84557907845579
7.835427135678391
7.806007509386733
7.84543178973717
7.84543178973717
7.84543178973717
7.934810126582278
7.758044554455444
7.816084788029925
7.865119196988707
7.796249999999999
7.914772727272726
7.767657992565055
7.924778761061945
7.767657992565055
7.835624999999999
7.84543178973717
7.84543178973717
7.855263157894735
7.914772727272726
7.797029702970296
7.835624999999999
7.84543178973717
7.84543178973717
7.84543178973717
7.806007509386733
7.8651685393258415
7.806007509386733
7.84543178973717
7.84543178973717
7.84543178973717
7.806007509386733
7.816084788029925
7.865119196988707
7.825842696629213
7.815789473684209
7.825842696629213
7.835624999999999
7.835624999999999
7.84543178973717
7.884955752212388
7.758044554455444
7.835624999999999
7.84543178973717
7.835624999999999
7.855263157894735
7.835624999999999
7.835624999999999
7.815789473684209
7.825842696629213
7.815789473684209
7.924778761061945
7.7772952853598
7.835624999999999
7.806007509386733
7.84543178973717
7.825842696629213
7.84543178973717
7.865119196988707
7.835624999999999
7.855263157894735
7.84543178973717
7.825842696629213
7.855263157894735
7.825842696629213
7.874999999999999
7.787391841779974
7.835624999999999
7.835624999999999
7.796249999999999
7.855263157894735
7.835624999999999
7.806007509386733
7.825842696629213
7.865119196988707
7.816084788029925
7.865119196988707
7.835624999999999
7.835624999999999
7.806007509386733
7.84543178973717
7.84543178973717
7.835624999999999
7.874999999999999
7.84543178973717
7.835624999999999
7.835624999999999
7.835624999999999
7.815789473684209
7.825842696629213
7.835624999999999
7.84543178973717
7.884955752212388
7.767657992565055
7.835624999999999
7.874999999999999
7.767657992565055
7.835624999999999
7.884856070087609
7.806007509386733
7.84543178973717
7.835624999999999
7.855263157894735
7.815789473684209
7.84543178973717
7.835624999999999
7.884955752212388
7.797029702970296
7.835624999999999
7.815789473684209
7.914772727272726
7.748454882571075
7.835624999999999
7.884856070087609
7.84543178973717
7.855263157894735
7.796249999999999
7.835624999999999
7.84543178973717
7.835624999999999
7.815789473684209
7.835624999999999
7.84543178973717
7.835624999999999
7.84543178973717
7.796249999999999
7.736842105263157
7.80635118306351
7.806007509386733
7.855263157894735
7.84543178973717
7.796249999999999
7.835624999999999
7.874999999999999
7.806691449814126
7.796249999999999
7.94486692015209
7.738888888888888
7.855263157894735
7.835624999999999
7.884856070087609
7.815789473684209
7.84543178973717
7.835624999999999
7.84543178973717
7.84543178973717
7.884955752212388
7.816377171215881
7.796249999999999
7.855263157894735
7.855263157894735
7.825842696629213
7.84543178973717
7.855263157894735
7.816084788029925
7.865119196988707
7.855263157894735
7.816084788029925
7.835624999999999
7.835624999999999
7.815789473684209
7.84543178973717
7.84543178973717
7.84543178973717
7.835624999999999
7.835624999999999
7.835624999999999
7.855263157894735
7.806007509386733
7.84543178973717
7.84543178973717
7.84543178973717
7.84543178973717
7.796249999999999
7.855263157894735
7.84543178973717
7.84543178973717
7.835624999999999
7.806007509386733
7.914772727272726
7.767657992565055
7.84543178973717
7.984790874524714
7.738888888888888
7.84543178973717
7.806007509386733
7.874999999999999
7.806007509386733
7.84543178973717
7.84543178973717
7.825842696629213
7.855263157894735
7.815789473684209
7.84543178973717
7.84543178973717
7.816084788029925
7.874999999999999
7.816084788029925
7.815789473684209
7.835624999999999
7.835624999999999
7.84543178973717
7.835624999999999
7.815789473684209
7.855263157894735
7.835624999999999
7.914772727272726
7.748454882571075
7.855263157894735
7.835624999999999
7.894836272040302
7.7772952853598
7.914772727272726
7.767657992565055
7.806007509386733
7.786516853932583
7.924778761061945
7.7772952853598
7.84543178973717
7.8651685393258415
7.835624999999999
7.835624999999999
7.884955752212388
7.748454882571075
7.84543178973717
7.84543178973717
7.84543178973717
7.766583229036295
7.766583229036295
7.825842696629213
7.815789473684209
7.84543178973717
7.835624999999999
7.835624999999999
7.84543178973717
7.825842696629213
7.815789473684209
8.0819774718398
7.825842696629213
7.855263157894735
7.825842696629213
7.855063291139239
7.806691449814126
7.806007509386733
7.825842696629213
7.855263157894735
7.924778761061945
7.748454882571075
7.84543178973717
7.855263157894735
7.786516853932583
7.855263157894735
7.796249999999999
7.766583229036295
7.736842105263157
7.825842696629213
7.786516853932583
7.894936708860759
7.797029702970296
7.796249999999999
7.894736842105262
7.865069356872635
7.7772952853598
7.835624999999999
7.806007509386733
7.884856070087609
7.816084788029925
7.84543178973717
7.815789473684209
7.874999999999999
7.884955752212388
7.767657992565055
7.825842696629213
7.894936708860759
7.689591078066914
7.717499999999999
7.776807980049875
7.884856070087609
7.84543178973717
7.884955752212388
7.787391841779974
7.825595984943537
7.8651685393258415
7.806007509386733
7.865119196988707
7.914772727272726
7.758044554455444
7.835624999999999
8.023212045169384
7.924778761061945
7.777777777777777
7.865119196988707
7.815789473684209
7.855361596009975
7.84543178973717
7.796249999999999
7.84543178973717
7.825842696629213
7.855263157894735
7.825842696629213
7.84543178973717
7.825595984943537
7.825842696629213
7.835624999999999
7.865119196988707
7.816084788029925
7.84543178973717
7.84543178973717
7.835624999999999
7.825842696629213
7.84543178973717
7.815789473684209
7.84543178973717
7.84543178973717
7.835624999999999
7.806007509386733
7.884856070087609
7.806007509386733
7.835624999999999
7.835624999999999
7.855263157894735
7.84543178973717
7.806007509386733
7.884856070087609
7.796249999999999
7.835624999999999
7.815789473684209
7.786516853932583
7.84543178973717
7.835624999999999
7.835624999999999
7.855263157894735
7.874999999999999
7.806691449814126
7.806007509386733
7.84543178973717
7.825842696629213
7.815789473684209
7.756874999999999
7.796249999999999
7.993124999999998
7.806007509386733
7.835624999999999
7.835624999999999
7.835624999999999
7.874999999999999
7.835624999999999
7.84543178973717
7.874999999999999
7.7772952853598
7.8651685393258415
7.855263157894735
7.796249999999999
7.796249999999999
7.874999999999999
7.756874999999999
7.756874999999999
7.84543178973717
7.84543178973717
7.835624999999999
7.806007509386733
7.874999999999999
7.84543178973717
7.84543178973717
7.727158948685856
7.84543178973717
7.796249999999999
7.835624999999999
7.806007509386733
7.835624999999999
7.835624999999999
7.84543178973717
7.806007509386733
7.727158948685856
7.756874999999999
7.84543178973717
7.84543178973717
7.796249999999999
7.825842696629213
7.815789473684209
7.874999999999999
7.815789473684209
7.84543178973717
7.835624999999999
7.84543178973717
7.835624999999999
7.84543178973717
7.84543178973717
7.835624999999999
7.796249999999999
7.874999999999999
7.806007509386733
7.84543178973717
7.825842696629213
7.855263157894735
7.835624999999999
7.855263157894735
7.84543178973717
7.835624999999999
7.865119196988707
7.835624999999999
7.84543178973717
7.796249999999999
7.766583229036295
7.796249999999999
7.835624999999999
7.806007509386733
7.84543178973717
7.84543178973717
7.84543178973717
7.84543178973717
7.796249999999999
7.84543178973717
7.884856070087609
7.855263157894735
7.806007509386733
7.954545454545454
7.7772952853598
7.835624999999999
7.825842696629213
7.865119196988707
7.825842696629213
7.835624999999999
7.84543178973717
7.825842696629213
7.835624999999999
7.865119196988707
7.84543178973717
7.835624999999999
7.84543178973717
7.835624999999999
7.84543178973717
7.815789473684209
7.825842696629213
7.776807980049875
7.865119196988707
7.825842696629213
7.815789473684209
7.84543178973717
7.825842696629213
7.835624999999999
7.855263157894735
7.84543178973717
7.815789473684209
7.874999999999999
7.756874999999999
7.815789473684209
7.796249999999999
7.835624999999999
7.84543178973717
7.825842696629213
7.865119196988707
7.825842696629213
7.796249999999999
7.806007509386733
7.884856070087609
7.84543178973717
7.816084788029925
7.855263157894735
7.796249999999999
7.84543178973717
7.94486692015209
7.758044554455444
7.835624999999999
7.855263157894735
7.84543178973717
7.825842696629213
7.806007509386733
7.874999999999999
7.84543178973717
7.835624999999999
7.815789473684209
7.835624999999999
7.84543178973717
7.84543178973717
7.815789473684209
0.0
0.0
0.0
0.0
0.0
0.0
0.0
0.0
0.0
0.0
0.0
0.0
0.0
0.0
0.0
0.0
0.0
0.0
0.0
0.0
0.0
0.0
0.0
0.0
0.0
0.0
0.0
0.0
0.0
0.0
0.0
0.0
0.0
0.0
0.0
0.0
0.0
0.0
0.0
0.0
0.0
0.000
0.000
0.000
0.000
0.000
0.000
0.000
0.000
0.000
0.000
0.000
0.000
0.000
0.000
0.000
0.000
0.000
0.000
0.000
0.000
0.000
0.000
0.000
0.000
0.000
0.000
0.000
0.000
0.000
0.000
0.000
0.000
0.000
0.000
0.000
0.000
0.000
0.000
0.000
0.000
0.000
0.000
0.000
0.000
0.000
0.000
0.000
0.000
0.000
0.000
0.000
0.000
0.000
0.000
0.000
0.000
0.000
0.000
0.000
0.000
0.000
0.000
0.000
0.000
0.000
0.000
0.000
0.000
0.000
0.000
0.000
0.000
0.000
0.000
0.000
0.000
0.000
0.000
0.000
0.000
0.000
0.000
0.000
0.000
0.000
0.000
0.000
0.000
0.000
0.000
0.000
0.000
0.000
0.000
0.000
0.000
0.000
0.000
0.000
0.000
0.000
0.000
0.000
0.000
0.000
0.000
0.000
0.000
0.000
0.000
0.000
0.000
0.000
0.000
0.000
0.000
0.000
0.000
0.000
0.000
0.000
0.000
0.000
0.000
0.000
0.000
0.000
0.000
0.000
0.000
0.000
0.000
0.000
0.000
0.000
0.000
0.000
0.000
0.000
0.000
0.000
0.000
0.000
0.000
0.000
0.000
0.000
0.000
0.000
0.000
0.000
0.000
0.000
0.000
0.000
0.000
0.000
0.000
0.000
0.000
0.000
0.000
0.000
0.000
0.000
0.000
0.000
0.000
0.000
0.000
0.000
0.000
0.000
0.000
0.000
0.000
0.000
0.000
0.000
0.000
0.000
0.000
0.000
0.000
0.000
0.000
0.000
0.000
0.000
0.000
0.000
0.000
0.000
0.000
0.000
0.000
0.000
0.000
0.000
0.000
0.000
0.000
0.000
0.000
0.000
0.000
0.000
0.000
0.000
0.000
0.000
0.000
0.000
0.000
0.000
0.000
0.000
0.000
0.000
0.000
0.000
0.000
0.000
0.000
0.000
0.000
0.000
0.000
0.000
0.000
0.000
0.000
0.000
0.000
0.000
0.000
0.000
0.000
0.000
0.000
0.000
0.000
0.000
0.000
0.000
0.000
0.000
0.000
0.000
0.000
0.000
0.000
0.000
0.000
0.000
0.000
0.000
0.000
0.000
0.000
0.000
0.000
0.000
0.000
0.000
0.000
0.000
0.000
0.000
0.000
0.000
0.000
0.000
0.000
0.000
0.000
0.000
0.000
0.000
0.000
0.000
0.000
0.000
0.000
0.000
0.000
0.000
0.000
0.000
0.000
0.000
0.000
0.000
0.000
0.000
0.000
0.000
0.000
0.000
0.000
0.0
0.0
0.0
0.0
0.0
0.0
0.0
0.0
0.0
0.2934918648310388
5.849435382685068
5.788124999999999
5.820224719101123
5.866874999999999
5.874217772215268
5.8815789473684195
5.913642052565707
5.866874999999999
5.866874999999999
5.874217772215268
5.874217772215268
5.921052631578946
5.874217772215268
5.921052631578946
5.859550561797753
5.874217772215268
5.888958594730238
5.8815789473684195
5.984999999999999
5.866874999999999
5.866874999999999
5.921052631578946
5.874217772215268
5.866874999999999
5.874217772215268
5.866874999999999
5.874217772215268
5.921052631578946
5.709374999999999
5.859550561797753
5.8815789473684195
5.866874999999999
5.921052631578946
5.8522443890274305
5.8815789473684195
5.8815789473684195
5.913642052565707
5.866874999999999
5.874217772215268
5.748749999999999
5.755944931163954
5.8815789473684195
5.859550561797753
5.874217772215268
5.906249999999999
5.874217772215268
5.866874999999999
5.913642052565707
5.913642052565707
5.866874999999999
5.859550561797753
5.8815789473684195
5.8815789473684195
5.859550561797753
5.913642052565707
5.888958594730238
5.859550561797753
5.866874999999999
5.888958594730238
5.8522443890274305
5.921052631578946
5.859550561797753
5.866874999999999
5.874217772215268
5.921052631578946
5.874217772215268
5.874217772215268
5.859550561797753
5.874217772215268
5.913642052565707
5.874217772215268
5.874217772215268
5.8815789473684195
5.906249999999999
5.866874999999999
5.866874999999999
5.8815789473684195
5.8988764044943816
5.866874999999999
5.8815789473684195
5.8815789473684195
5.913642052565707
5.8275
5.842105263157894
5.859550561797753
5.928481806775407
5.874217772215268
5.8522443890274305
5.888958594730238
5.874217772215268
5.874217772215268
5.874217772215268
5.8522443890274305
5.874217772215268
5.913642052565707
5.874217772215268
5.8815789473684195
5.874217772215268
5.888958594730238
5.8815789473684195
5.859550561797753
5.921052631578946
5.874217772215268
5.874217772215268
5.866874999999999
5.874217772215268
5.874217772215268
5.8815789473684195
5.906249999999999
5.866874999999999
5.874217772215268
5.8815789473684195
5.874217772215268
5.874217772215268
5.859550561797753
5.913642052565707
5.8815789473684195
5.859550561797753
5.921052631578946
5.842105263157894
5.866874999999999
5.913642052565707
5.866874999999999
5.866874999999999
5.8815789473684195
5.874217772215268
5.913642052565707
5.866874999999999
5.874217772215268
5.8815789473684195
5.8522443890274305
5.8815789473684195
5.874217772215268
5.8988764044943816
5.928481806775407
5.874217772215268
5.866874999999999
5.913642052565707
5.8275
5.874217772215268
5.866874999999999
5.913642052565707
5.859550561797753
5.874217772215268
5.874217772215268
5.866874999999999
5.866874999999999
5.874217772215268
5.874217772215268
5.906249999999999
5.866874999999999
5.716520650813517
5.866874999999999
5.906249999999999
5.8275
5.874217772215268
5.859550561797753
5.8815789473684195
5.834793491864831
5.859550561797753
5.866874999999999
5.866874999999999
5.8815789473684195
5.820224719101123
5.859550561797753
5.8988764044943816
5.8815789473684195
5.834793491864831
5.866874999999999
5.8522443890274305
5.8815789473684195
5.820224719101123
5.874217772215268
5.874217772215268
5.866874999999999
5.866874999999999
5.842105263157894
6.06375
5.859550561797753
5.874217772215268
5.866874999999999
5.866874999999999
5.866874999999999
5.913642052565707
5.8815789473684195
5.866874999999999
5.8522443890274305
5.8815789473684195
5.874217772215268
5.859550561797753
5.913642052565707
5.866874999999999
5.913642052565707
5.866874999999999
5.866874999999999
5.8815789473684195
5.859550561797753
5.906249999999999
5.874217772215268
5.874217772215268
5.866874999999999
5.859550561797753
5.888958594730238
5.8522443890274305
5.928481806775407
5.820224719101123
5.913642052565707
5.859550561797753
5.8815789473684195
5.866874999999999
5.866874999999999
5.866874999999999
5.859550561797753
5.866874999999999
5.921052631578946
5.866874999999999
5.866874999999999
5.874217772215268
5.8815789473684195
5.866874999999999
5.859550561797753
5.921052631578946
5.859550561797753
5.913642052565707
5.866874999999999
5.874217772215268
5.866874999999999
5.866874999999999
5.906249999999999
5.874217772215268
5.859550561797753
5.866874999999999
5.8815789473684195
5.866874999999999
5.874217772215268
5.913642052565707
5.859550561797753
5.866874999999999
5.8275
5.906249999999999
5.874217772215268
5.866874999999999
5.874217772215268
5.859550561797753
5.866874999999999
5.913642052565707
5.859550561797753
5.8815789473684195
5.866874999999999
5.874217772215268
5.8522443890274305
5.8815789473684195
5.906249999999999
5.874217772215268
5.874217772215268
5.8522443890274305
5.874217772215268
5.913642052565707
5.8275
5.866874999999999
5.888958594730238
5.866874999999999
5.8988764044943816
5.859550561797753
5.913642052565707
5.8815789473684195
5.866874999999999
5.859550561797753
5.866874999999999
5.874217772215268
5.874217772215268
5.8522443890274305
5.859550561797753
5.921052631578946
5.795369211514392
5.8522443890274305
5.8815789473684195
5.874217772215268
5.8988764044943816
5.874217772215268
5.866874999999999
5.866874999999999
5.866874999999999
5.913642052565707
5.866874999999999
5.859550561797753
5.866874999999999
5.8815789473684195
5.866874999999999
5.891521197007481
5.8815789473684195
5.874217772215268
5.906249999999999
5.866874999999999
5.874217772215268
5.859550561797753
5.874217772215268
5.874217772215268
5.866874999999999
5.913642052565707
5.866874999999999
5.859550561797753
5.866874999999999
5.8815789473684195
5.874217772215268
5.837686567164178
5.921052631578946
5.866874999999999
5.8815789473684195
5.8522443890274305
5.8815789473684195
5.859550561797753
5.874217772215268
5.874217772215268
5.891521197007481
5.866874999999999
5.874217772215268
5.866874999999999
5.874217772215268
5.866874999999999
5.913642052565707
5.874217772215268
5.8988764044943816
5.874217772215268
5.874217772215268
5.859550561797753
5.874217772215268
5.866874999999999
5.8815789473684195
5.859550561797753
5.874217772215268
5.8988764044943816
5.8815789473684195
5.859550561797753
5.8815789473684195
5.859550561797753
5.874217772215268
5.913642052565707
5.874217772215268
5.8815789473684195
5.8522443890274305
5.8815789473684195
5.874217772215268
5.906249999999999
5.8522443890274305
5.874217772215268
5.8815789473684195
5.8522443890274305
5.921052631578946
5.859550561797753
5.874217772215268
5.906249999999999
5.859550561797753
5.8815789473684195
5.866874999999999
5.874217772215268
5.866874999999999
5.913642052565707
5.874217772215268
5.866874999999999
5.866874999999999
5.874217772215268
5.866874999999999
5.921052631578946
5.844956413449563
5.874217772215268
5.8815789473684195
5.859550561797753
5.866874999999999
5.906249999999999
5.874217772215268
5.8815789473684195
5.8522443890274305
5.874217772215268
5.874217772215268
5.859550561797753
5.874217772215268
5.906249999999999
5.7808988764044935
5.8815789473684195
5.8522443890274305
5.8815789473684195
5.8988764044943816
5.866874999999999
5.8815789473684195
5.866874999999999
5.874217772215268
5.866874999999999
5.874217772215268
5.8815789473684195
5.866874999999999
5.859550561797753
5.8815789473684195
5.906249999999999
5.859550561797753
5.874217772215268
5.874217772215268
5.820224719101123
5.866874999999999
5.906249999999999
5.874217772215268
5.859550561797753
5.874217772215268
5.874217772215268
5.866874999999999
5.8815789473684195
5.906249999999999
5.874217772215268
5.859550561797753
5.866874999999999
5.874217772215268
5.906249999999999
5.866874999999999
5.859550561797753
5.8815789473684195
5.859550561797753
5.874217772215268
5.874217772215268
5.906249999999999
5.874217772215268
5.859550561797753
5.8815789473684195
5.859550561797753
5.8815789473684195
5.874217772215268
5.8988764044943816
5.874217772215268
5.859550561797753
5.866874999999999
5.921052631578946
5.906249999999999
5.874217772215268
5.866874999999999
5.866874999999999
5.874217772215268
5.859550561797753
5.8815789473684195
5.906249999999999
5.8522443890274305
5.866874999999999
5.8815789473684195
5.859550561797753
5.8815789473684195
5.906249999999999
5.866874999999999
5.8815789473684195
5.859550561797753
5.874217772215268
5.859550561797753
5.928481806775407
5.859550561797753
5.866874999999999
5.874217772215268
5.859550561797753
5.866874999999999
5.8815789473684195
5.844956413449563
5.921052631578946
5.859550561797753
5.874217772215268
5.859550561797753
5.874217772215268
5.874217772215268
5.859550561797753
5.866874999999999
5.8815789473684195
5.866874999999999
5.866874999999999
5.906249999999999
5.906249999999999
5.874217772215268
5.8275
5.874217772215268
5.874217772215268
5.859550561797753
5.842105263157894
5.859550561797753
5.874217772215268
5.866874999999999
5.874217772215268
5.874217772215268
5.891521197007481
5.8275
5.874217772215268
5.866874999999999
5.874217772215268
5.874217772215268
5.859550561797753
5.874217772215268
5.866874999999999
5.859550561797753
5.8815789473684195
5.906249999999999
5.859550561797753
5.8815789473684195
5.859550561797753
5.866874999999999
5.866874999999999
5.748749999999999
0.0
0.0
0.0
0.0
0.0
0.0
0.0
0.0
0.0
0.0
0.0
0.0
0.0
0.0
0.0
0.0
0.0
0.0
0.0
0.0
0.0
0.0
0.0
0.0
0.0
0.0
0.0
0.0
0.0
0.0
0.0
0.0
0.0
0.0
0.0
0.0
0.0
0.0
0.0
0.0
0.0
0.000
0.000
0.000
0.000
0.000
0.000
0.000
0.000
0.000
0.000
0.000
0.000
0.000
0.000
0.000
0.000
0.000
0.000
0.000
0.000
0.000
0.000
0.000
0.000
0.000
0.000
0.000
0.000
0.000
0.000
0.000
0.000
0.000
0.000
0.000
0.000
0.000
0.000
0.000
0.000
0.000
0.000
0.000
0.000
0.000
0.000
0.000
0.000
0.000
0.000
0.000
0.000
0.000
0.000
0.000
0.000
0.000
0.000
0.000
0.000
0.000
0.000
0.000
0.000
0.000
0.000
0.000
0.000
0.000
0.000
0.000
0.000
0.000
0.000
0.000
0.000
0.000
0.000
0.000
0.000
0.000
0.000
0.000
0.000
0.000
0.000
0.000
0.000
0.000
0.000
0.000
0.000
0.000
0.000
0.000
0.000
0.000
0.000
0.000
0.000
0.000
0.000
0.000
0.000
0.000
0.000
0.000
0.000
0.000
0.000
0.000
0.000
0.000
0.000
0.000
0.000
0.000
0.000
0.000
0.000
0.000
0.000
0.000
0.000
0.000
0.000
0.000
0.000
0.000
0.000
0.000
0.000
0.000
0.000
0.000
0.000
0.000
0.000
0.000
0.000
0.000
0.000
0.000
0.000
0.000
0.000
0.000
0.000
0.000
0.000
0.000
0.000
0.000
0.000
0.000
0.000
0.000
0.000
0.000
0.000
0.000
0.000
0.000
0.000
0.000
0.000
0.000
0.000
0.000
0.000
0.000
0.000
0.000
0.000
0.000
0.000
0.000
0.000
0.000
0.000
0.000
0.000
0.000
0.000
0.000
0.000
0.000
0.000
0.000
0.000
0.000
0.000
0.000
0.000
0.000
0.000
0.000
0.000
0.000
0.000
0.000
0.000
0.000
0.000
0.000
0.000
0.000
0.000
0.000
0.000
0.000
0.000
0.000
0.000
0.000
0.000
0.000
0.000
0.000
0.000
0.000
0.000
0.000
0.000
0.000
0.000
0.000
0.000
0.000
0.000
0.000
0.000
0.000
0.000
0.000
0.000
0.000
0.000
0.000
0.000
0.000
0.000
0.000
0.000
0.000
0.000
0.000
0.000
0.000
0.000
0.000
0.000
0.000
0.000
0.000
0.000
0.000
0.000
0.000
0.000
0.000
0.000
0.000
0.000
0.000
0.000
0.000
0.000
0.000
0.000
0.000
0.000
0.000
0.000
0.000
0.000
0.000
0.000
0.000
0.000
0.000
0.000
0.000
0.000
0.000
0.000
0.000
0.000
0.000
0.000
0.000
0.000
0.000
0.000
0.000
0.000
0.000
0.000
0.000
0.000
0.0
0.0
0.0
0.0
0.0
0.0
0.0
0.005626004643686372
0.03937499999999999
3.991844416562107
11.689912826899127
11.777917189460476
11.694374999999997
11.797752808988763
11.679775280898875
11.733749999999999
11.679775280898875
11.709011264080099
11.679775280898875
11.613636363636362
11.783333333333331
11.880893300248138
11.569811320754713
11.733749999999999
11.698870765370136
11.714552238805968
11.777917189460476
11.763157894736839
11.573863636363635
11.83683559950556
11.719101123595506
11.630162703379222
11.719101123595506
11.733749999999999
11.709011264080099
11.679775280898875
11.748435544430537
11.665211970074813
11.679775280898875
11.733749999999999
11.709011264080099
11.594849246231155
11.948275862068964
11.491071428571427
11.890470297029701
11.733749999999999
11.665211970074813
11.640449438202246
11.698870765370136
11.719101123595506
11.733749999999999
11.709011264080099
11.87640449438202
11.733749999999999
11.694374999999997
11.743765586034911
11.723684210526315
11.694374999999997
11.733749999999999
11.573863636363635
11.85148514851485
11.733749999999999
11.650684931506847
11.807547169811318
11.573863636363635
11.675373134328357
11.777917189460476
11.733749999999999
11.665211970074813
11.748435544430537
11.694374999999997
11.875772558714461
11.665211970074813
11.972324723247231
11.46551724137931
11.704488778054861
11.588495575221238
11.733749999999999
11.86617100371747
11.709011264080099
11.66086956521739
11.777917189460476
11.733749999999999
11.733749999999999
11.694374999999997
11.748435544430537
11.675373134328357
11.628318584070794
11.85148514851485
11.588495575221238
11.812499999999998
11.613636363636362
11.704488778054861
11.748435544430537
11.694374999999997
11.812499999999998
11.733749999999999
11.694374999999997
11.733749999999999
11.569811320754713
11.856521739130434
11.613636363636362
11.85148514851485
11.797604035308952
11.758961681087762
11.628318584070794
11.8271375464684
11.758426966292134
11.613636363636362
11.772727272727272
11.91272727272727
11.617870722433459
11.689912826899127
11.694374999999997
11.723684210526315
11.679775280898875
11.733749999999999
11.704488778054861
11.643037974683544
11.797898640296662
11.797752808988763
11.588495575221238
11.86617100371747
11.733749999999999
11.709011264080099
11.704488778054861
11.723684210526315
11.624055415617127
11.812499999999998
11.613636363636362
11.78810408921933
11.733749999999999
11.694374999999997
11.758426966292134
11.733749999999999
11.719101123595506
11.694374999999997
11.694374999999997
11.709011264080099
11.748435544430537
11.63871374527112
11.797898640296662
11.748435544430537
11.733749999999999
11.719101123595506
11.603164556962025
11.875772558714461
11.526315789473681
11.87640449438202
11.63871374527112
11.723684210526315
11.822222222222221
11.719101123595506
11.748435544430537
11.719101123595506
11.733749999999999
11.773125
11.694374999999997
11.733749999999999
11.694374999999997
11.733749999999999
11.709011264080099
11.733749999999999
11.573863636363635
11.812499999999998
11.719101123595506
11.679775280898875
11.733749999999999
11.598991172761663
11.787859824780975
11.549999999999997
11.748435544430537
11.709011264080099
11.748435544430537
11.584382871536523
11.709011264080099
11.8271375464684
11.704488778054861
11.763157894736839
11.704488778054861
11.679775280898875
11.709011264080099
11.748435544430537
11.719101123595506
11.694374999999997
11.773125
11.733749999999999
11.694374999999997
11.733749999999999
11.773125
11.709011264080099
11.733749999999999
11.719101123595506
11.54867256637168
11.83683559950556
11.588495575221238
11.709011264080099
11.704488778054861
11.748435544430537
11.709011264080099
11.822222222222221
11.719101123595506
11.709011264080099
11.758426966292134
11.559268600252206
11.86617100371747
11.787859824780975
11.733749999999999
11.709011264080099
11.733749999999999
11.665211970074813
11.628318584070794
11.733749999999999
11.694374999999997
11.86617100371747
11.733749999999999
11.613636363636362
11.85148514851485
11.733749999999999
11.719101123595506
11.733749999999999
11.719101123595506
11.719101123595506
11.812499999999998
11.598991172761663
11.628318584070794
11.729140722291406
11.684210526315788
11.748435544430537
11.763157894736839
11.636194029850746
11.777917189460476
11.719101123595506
11.733749999999999
11.679775280898875
11.880893300248138
11.628318584070794
11.86617100371747
11.704488778054861
11.613636363636362
11.83683559950556
11.694374999999997
11.733749999999999
11.733749999999999
11.748435544430537
11.748435544430537
11.675373134328357
11.738393977415306
11.733749999999999
11.719101123595506
11.723684210526315
11.763647642679901
11.634422110552762
11.733749999999999
11.733749999999999
11.729140722291406
11.577946768060835
11.709011264080099
11.822222222222221
11.733749999999999
11.719101123595506
11.694374999999997
11.598991172761663
11.733749999999999
11.83683559950556
11.669586983729662
11.733749999999999
11.689912826899127
11.643037974683544
11.86617100371747
11.733749999999999
11.613636363636362
11.738393977415306
11.773125
11.704488778054861
11.733749999999999
11.679775280898875
11.719101123595506
11.85148514851485
11.709011264080099
11.773125
11.598991172761663
11.8271375464684
11.63871374527112
11.812499999999998
11.748435544430537
11.559268600252206
11.749070631970259
11.743765586034911
11.694374999999997
11.598991172761663
11.841811414392058
11.773125
11.615625
11.694374999999997
11.613636363636362
11.812499999999998
11.584382871536523
11.733749999999999
11.841811414392058
11.679775280898875
11.65340909090909
11.797898640296662
11.694374999999997
11.65340909090909
11.85148514851485
11.694374999999997
11.559268600252206
11.930624999999997
11.709011264080099
11.748435544430537
11.812499999999998
11.694374999999997
11.729140722291406
11.738393977415306
11.719101123595506
11.694374999999997
11.628318584070794
11.822222222222221
11.709011264080099
11.613636363636362
11.85148514851485
11.709011264080099
11.719101123595506
11.719101123595506
11.573863636363635
11.86617100371747
11.679775280898875
11.733749999999999
11.65340909090909
11.86617100371747
11.704488778054861
11.733749999999999
11.694374999999997
11.709011264080099
11.748435544430537
11.719101123595506
11.709011264080099
11.559268600252206
11.822222222222221
11.603164556962025
11.748435544430537
11.704488778054861
11.905204460966543
11.584382871536523
11.85148514851485
11.694374999999997
11.719101123595506
11.613636363636362
11.694374999999997
11.773125
11.812499999999998
11.733749999999999
11.628318584070794
11.83683559950556
11.748435544430537
11.719101123595506
11.733749999999999
11.694374999999997
11.748435544430537
11.773125
11.719101123595506
11.689912826899127
11.777917189460476
11.719101123595506
11.709011264080099
11.733749999999999
11.719101123595506
11.733749999999999
11.723684210526315
11.719101123595506
11.679775280898875
11.748435544430537
11.694374999999997
11.601123595505618
11.719101123595506
11.783042394014961
11.592639593908627
11.679775280898875
11.86617100371747
11.733749999999999
11.719101123595506
11.748435544430537
11.733749999999999
11.733749999999999
11.748435544430537
11.719101123595506
11.748435544430537
11.694374999999997
11.719101123595506
11.709011264080099
11.719101123595506
11.573863636363635
11.85148514851485
11.598991172761663
11.86617100371747
11.665211970074813
11.763157894736839
11.773125
11.733749999999999
11.733749999999999
11.733749999999999
11.719101123595506
11.733749999999999
11.694374999999997
11.719101123595506
11.748435544430537
11.609433962264148
11.723684210526315
11.733749999999999
11.86670838548185
11.773125
11.709011264080099
11.689912826899127
11.723684210526315
11.812499999999998
11.621739130434781
11.512690355329948
11.748435544430537
11.812499999999998
11.733749999999999
11.733749999999999
11.733749999999999
11.573863636363635
11.85148514851485
11.733749999999999
11.748435544430537
11.719101123595506
11.613636363636362
11.822222222222221
11.733749999999999
11.628318584070794
11.812499999999998
11.733749999999999
11.694374999999997
11.669586983729662
11.733749999999999
11.584382871536523
11.841811414392058
11.758426966292134
11.613636363636362
11.8271375464684
11.719101123595506
11.559268600252206
11.733749999999999
11.85148514851485
11.719101123595506
11.748435544430537
11.733749999999999
11.719101123595506
11.748435544430537
11.694374999999997
11.719101123595506
11.628318584070794
11.719101123595506
11.719101123595506
11.709011264080099
11.733749999999999
11.704488778054861
11.738393977415306
11.822222222222221
11.723684210526315
11.930624999999997
11.719101123595506
11.694374999999997
11.748435544430537
11.748435544430537
11.704488778054861
11.603164556962025
11.83683559950556
11.613636363636362
11.679775280898875
11.773514851485148
11.748435544430537
11.748435544430537
11.679775280898875
11.758426966292134
11.738393977415306
11.665211970074813
11.748435544430537
11.679775280898875
11.748435544430537
11.709011264080099
11.694374999999997
11.733749999999999
11.694374999999997
11.733749999999999
11.613636363636362
11.719101123595506
11.694374999999997
11.85148514851485
11.719101123595506
11.603164556962025
11.85148514851485
11.573863636363635
11.679775280898875
11.694374999999997
11.709011264080099
11.694374999999997
11.85148514851485
11.694374999999997
11.812499999999998
11.694374999999997
11.733749999999999
11.704488778054861
11.694374999999997
11.733749999999999
11.748435544430537
11.679775280898875
0.0
0.0
0.0
0.0
0.0
0.0
0.0
0.0
0.0
0.0
0.0
0.0
0.0
0.0
0.0
0.0
0.0
0.0
0.0
0.0
0.0
0.0
0.0
0.0
0.0
0.0
0.0
0.0
0.0
0.0
0.0
0.0
0.0
0.0
0.0
0.0
0.0
0.0
0.0
0.0
0.0
0.000
0.000
0.000
0.000
0.000
0.000
0.000
0.000
0.000
0.000
0.000
0.000
0.000
0.000
0.000
0.000
0.000
0.000
0.000
0.000
0.000
0.000
0.000
0.000
0.000
0.000
0.000
0.000
0.000
0.000
0.000
0.000
0.000
0.000
0.000
0.000
0.000
0.000
0.000
0.000
0.000
0.000
0.000
0.000
0.000
0.000
0.000
0.000
0.000
0.000
0.000
0.000
0.000
0.000
0.000
0.000
0.000
0.000
0.000
0.000
0.000
0.000
0.000
0.000
0.000
0.000
0.000
0.000
0.000
0.000
0.000
0.000
0.000
0.000
0.000
0.000
0.000
0.000
0.000
0.000
0.000
0.000
0.000
0.000
0.000
0.000
0.000
0.000
0.000
0.000
0.000
0.000
0.000
0.000
0.000
0.000
0.000
0.000
0.000
0.000
0.000
0.000
0.000
0.000
0.000
0.000
0.000
0.000
0.000
0.000
0.000
0.000
0.000
0.000
0.000
0.000
0.000
0.000
0.000
0.000
0.000
0.000
0.000
0.000
0.000
0.000
0.000
0.000
0.000
0.000
0.000
0.000
0.000
0.000
0.000
0.000
0.000
0.000
0.000
0.000
0.000
0.000
0.000
0.000
0.000
0.000
0.000
0.000
0.000
0.000
0.000
0.000
0.000
0.000
0.000
0.000
0.000
0.000
0.000
0.000
0.000
0.000
0.000
0.000
0.000
0.000
0.000
0.000
0.000
0.000
0.000
0.000
0.000
0.000
0.000
0.000
0.000
0.000
0.000
0.000
0.000
0.000
0.000
0.000
0.000
0.000
0.000
0.000
0.000
0.000
0.000
0.000
0.000
0.000
0.000
0.000
0.000
0.000
0.000
0.000
0.000
0.000
0.000
0.000
0.000
0.000
0.000
0.000
0.000
0.000
0.000
0.000
0.000
0.000
0.000
0.000
0.000
0.000
0.000
0.000
0.000
0.000
0.000
0.000
0.000
0.000
0.000
0.000
0.000
0.000
0.000
0.000
0.000
0.000
0.000
0.000
0.000
0.000
0.000
0.000
0.000
0.000
0.000
0.000
0.000
0.000
0.000
0.000
0.000
0.000
0.000
0.000
0.000
0.000
0.000
0.000
0.000
0.000
0.000
0.000
0.000
0.000
0.000
0.000
0.000
0.000
0.000
0.000
0.000
0.000
0.000
0.000
0.000
0.000
0.000
0.000
0.000
0.000
0.000
0.000
0.000
0.000
0.000
0.000
0.000
0.000
0.000
0.000
0.000
0.000
0.000
0.000
0.000
0.000
0.000
0.000
0.000
0.000
0.000
0.000
0.0
0.0
0.0
0.0
0.009837601499063084
0.0
0.0
0.0
0.0
0.5200100050025013
7.835624999999999
7.835624999999999
7.835624999999999
7.796249999999999
7.815789473684209
7.825346784363178
7.806691449814126
7.84513274336283
7.787391841779974
7.84513274336283
7.982076637824474
7.84513274336283
7.797029702970296
7.855263157894735
7.816084788029925
7.815789473684209
7.835624999999999
7.796249999999999
7.815789473684209
7.825842696629213
7.806007509386733
7.816084788029925
7.855263157894735
7.7671232876712315
7.874999999999999
7.786516853932583
7.825595984943537
7.796249999999999
7.825842696629213
7.825346784363178
7.787391841779974
7.865019011406843
7.8263288009888745
7.805309734513274
7.836014851485148
7.835624999999999
7.806007509386733
7.825346784363178
7.855459057071959
7.825842696629213
7.806007509386733
7.825842696629213
7.805309734513274
7.836014851485148
7.835624999999999
7.806007509386733
7.599374999999999
7.805309734513274
7.836014851485148
7.825346784363178
7.806691449814126
7.84513274336283
7.8263288009888745
7.84513274336283
7.836014851485148
7.855263157894735
7.785624211853719
7.797029702970296
7.8651685393258415
7.796249999999999
7.84543178973717
7.9831460674157295
7.796249999999999
7.786516853932583
7.806007509386733
7.806007509386733
7.835624999999999
7.786516853932583
7.894736842105262
7.796249999999999
7.806007509386733
7.835624999999999
7.815789473684209
7.816084788029925
7.806007509386733
7.796249999999999
7.835624999999999
7.786516853932583
7.815789473684209
7.785624211853719
7.845724907063196
7.796249999999999
7.806007509386733
7.874999999999999
7.806007509386733
7.825842696629213
7.84513274336283
7.836014851485148
7.806007509386733
7.8651685393258415
7.8151898734177205
7.8263288009888745
7.805309734513274
7.8263288009888745
7.855263157894735
7.835624999999999
7.835624999999999
7.806007509386733
7.835624999999999
7.855263157894735
7.825346784363178
7.845724907063196
7.786516853932583
7.825842696629213
7.835624999999999
7.806007509386733
7.835624999999999
7.84543178973717
7.806007509386733
7.835624999999999
7.825842696629213
7.796249999999999
7.835624999999999
7.855263157894735
7.874999999999999
7.747191011235953
7.855263157894735
7.776807980049875
7.865019011406843
7.8166666666666655
7.796249999999999
7.84513274336283
7.8263288009888745
7.855063291139239
7.797029702970296
7.825346784363178
7.836014851485148
7.835624999999999
7.776807980049875
7.855263157894735
7.835624999999999
7.796249999999999
7.835624999999999
7.835227272727272
7.845724907063196
7.825346784363178
7.845724907063196
7.796249999999999
7.835624999999999
7.835624999999999
7.84543178973717
7.796249999999999
7.816084788029925
7.865119196988707
7.835624999999999
7.795454545454545
7.836014851485148
7.84513274336283
7.836014851485148
7.825842696629213
7.796249999999999
7.835624999999999
7.806007509386733
7.84543178973717
7.835624999999999
7.825842696629213
7.815789473684209
7.835624999999999
7.84557907845579
7.855263157894735
7.776807980049875
7.84543178973717
7.835624999999999
7.806007509386733
7.84543178973717
7.835624999999999
7.835624999999999
7.825842696629213
7.806007509386733
7.835227272727272
7.836014851485148
7.835624999999999
7.806007509386733
7.835624999999999
7.815491183879092
7.8263288009888745
7.835624999999999
7.84543178973717
7.835624999999999
7.84513274336283
7.806691449814126
7.825346784363178
7.845724907063196
7.835227272727272
7.845724907063196
7.786516853932583
7.84543178973717
7.806007509386733
7.835624999999999
7.816084788029925
7.835624999999999
7.796249999999999
7.855263157894735
7.825842696629213
7.796249999999999
7.855263157894735
7.84543178973717
7.796249999999999
7.816084788029925
7.84543178973717
7.806007509386733
7.835624999999999
7.835624999999999
7.835227272727272
7.8263288009888745
7.84513274336283
7.8263288009888745
7.825842696629213
7.806007509386733
7.816084788029925
7.865019011406843
7.836014851485148
7.835624999999999
7.796249999999999
7.835624999999999
7.84543178973717
7.796249999999999
7.84543178973717
7.816084788029925
7.855263157894735
7.825842696629213
7.806007509386733
7.855263157894735
7.825842696629213
7.84543178973717
7.785624211853719
7.845724907063196
7.855263157894735
7.816084788029925
7.806007509386733
7.835624999999999
7.835227272727272
7.874999999999999
7.806007509386733
7.84543178973717
7.796249999999999
7.84543178973717
7.796249999999999
7.816084788029925
7.84543178973717
7.835624999999999
7.796249999999999
7.835624999999999
7.84543178973717
7.825346784363178
7.836014851485148
7.795454545454545
7.836014851485148
7.84543178973717
7.84543178973717
7.816084788029925
7.806007509386733
7.84543178973717
7.825842696629213
7.835624999999999
7.835227272727272
7.806691449814126
7.825842696629213
7.835624999999999
7.855263157894735
7.855361596009975
7.806007509386733
7.835624999999999
7.84543178973717
7.835624999999999
7.796249999999999
7.825842696629213
7.835624999999999
7.84543178973717
7.796249999999999
7.816084788029925
7.84543178973717
7.84543178973717
7.796249999999999
7.835624999999999
7.825842696629213
7.806007509386733
7.84543178973717
7.825842696629213
7.855263157894735
7.786516853932583
7.835624999999999
7.806007509386733
7.835624999999999
7.84543178973717
7.835624999999999
7.786516853932583
7.884856070087609
7.825842696629213
7.795454545454545
7.836014851485148
7.84543178973717
7.84543178973717
7.796249999999999
7.835624999999999
7.825842696629213
7.84543178973717
7.786516853932583
7.84513274336283
7.836014851485148
7.835624999999999
7.815789473684209
7.816084788029925
7.884856070087609
7.806007509386733
7.825842696629213
7.855263157894735
7.835624999999999
7.84543178973717
7.796249999999999
7.816084788029925
7.855263157894735
7.835624999999999
7.786516853932583
7.84543178973717
7.84543178973717
7.825842696629213
7.835624999999999
7.786516853932583
7.855263157894735
7.825842696629213
7.786516853932583
7.84543178973717
7.835624999999999
7.835624999999999
7.84543178973717
7.786516853932583
7.855263157894735
7.84543178973717
7.816084788029925
7.855263157894735
7.825842696629213
7.84543178973717
7.825842696629213
7.786516853932583
7.825842696629213
7.84543178973717
7.806007509386733
7.835624999999999
7.835624999999999
7.835624999999999
7.786516853932583
7.84543178973717
7.816084788029925
7.865119196988707
7.816084788029925
7.835624999999999
7.855263157894735
7.835624999999999
7.786516853932583
7.835624999999999
7.835624999999999
7.835624999999999
7.806007509386733
7.825842696629213
7.776315789473683
7.80635118306351
7.84513274336283
7.855459057071959
7.825842696629213
7.825842696629213
7.865119196988707
7.816084788029925
7.806007509386733
7.825842696629213
7.855263157894735
7.84543178973717
7.796249999999999
7.825842696629213
7.84543178973717
7.796249999999999
7.825842696629213
7.855263157894735
7.825842696629213
7.825842696629213
7.815789473684209
7.825842696629213
7.835624999999999
7.835624999999999
7.855263157894735
7.796249999999999
7.825842696629213
7.84543178973717
7.835624999999999
7.806007509386733
7.84543178973717
7.835624999999999
7.825842696629213
7.825842696629213
7.865119196988707
7.816084788029925
7.84543178973717
7.796249999999999
7.84543178973717
7.835624999999999
7.825842696629213
7.796249999999999
7.865119196988707
7.825842696629213
7.796249999999999
7.825842696629213
7.835624999999999
7.84543178973717
7.825842696629213
7.806007509386733
7.884856070087609
7.816084788029925
7.815789473684209
7.816084788029925
7.84543178973717
7.816084788029925
7.806007509386733
7.84543178973717
7.835624999999999
7.481249999999998
7.805309734513274
7.836014851485148
7.795454545454545
7.797029702970296
8.044247787610619
7.787391841779974
7.904942965779466
7.777777777777777
7.835624999999999
7.84543178973717
7.806007509386733
7.835624999999999
7.835624999999999
7.786516853932583
7.855263157894735
7.825842696629213
7.796249999999999
7.825842696629213
7.815789473684209
7.786516853932583
7.796249999999999
7.865119196988707
7.825842696629213
7.796249999999999
7.84543178973717
7.756874999999999
7.84543178973717
7.786516853932583
7.855263157894735
7.796249999999999
7.785624211853719
7.855459057071959
7.835624999999999
7.786516853932583
7.84543178973717
7.835624999999999
7.806007509386733
7.835624999999999
7.796249999999999
7.825842696629213
7.806007509386733
7.835624999999999
7.806007509386733
7.84543178973717
7.835227272727272
7.845724907063196
7.816084788029925
7.84543178973717
7.796249999999999
7.825842696629213
7.806007509386733
7.835624999999999
7.835624999999999
7.84543178973717
7.806007509386733
7.84513274336283
7.8166666666666655
7.815789473684209
7.815491183879092
7.845724907063196
7.756874999999999
7.855263157894735
7.835624999999999
7.835624999999999
7.84543178973717
7.825842696629213
7.855263157894735
7.816084788029925
7.84543178973717
7.815789473684209
7.825842696629213
7.835624999999999
7.796249999999999
7.835624999999999
7.84543178973717
7.825842696629213
7.815789473684209
7.825842696629213
7.8651685393258415
7.835624999999999
7.825842696629213
7.825595984943537
7.816084788029925
7.84513274336283
0.0
0.0
0.0
0.0
0.0
0.0
0.0
0.0
0.0
0.0
0.0
0.0
0.0
0.0
0.0
0.0
0.0
0.0
0.0
0.0
0.0
0.0
0.0
0.0
0.0
0.0
0.0
0.0
0.0
0.0
0.0
0.0
0.0
0.0
0.0
0.0
0.0
0.0
0.0
0.0
0.0
0.000
0.000
0.000
0.000
0.000
0.000
0.000
0.000
0.000
0.000
0.000
0.000
0.000
0.000
0.000
0.000
0.000
0.000
0.000
0.000
0.000
0.000
0.000
0.000
0.000
0.000
0.000
0.000
0.000
0.000
0.000
0.000
0.000
0.000
0.000
0.000
0.000
0.000
0.000
0.000
0.000
0.000
0.000
0.000
0.000
0.000
0.000
0.000
0.000
0.000
0.000
0.000
0.000
0.000
0.000
0.000
0.000
0.000
0.000
0.000
0.000
0.000
0.000
0.000
0.000
0.000
0.000
0.000
0.000
0.000
0.000
0.000
0.000
0.000
0.000
0.000
0.000
0.000
0.000
0.000
0.000
0.000
0.000
0.000
0.000
0.000
0.000
0.000
0.000
0.000
0.000
0.000
0.000
0.000
0.000
0.000
0.000
0.000
0.000
0.000
0.000
0.000
0.000
0.000
0.000
0.000
0.000
0.000
0.000
0.000
0.000
0.000
0.000
0.000
0.000
0.000
0.000
0.000
0.000
0.000
0.000
0.000
0.000
0.000
0.000
0.000
0.000
0.000
0.000
0.000
0.000
0.000
0.000
0.000
0.000
0.000
0.000
0.000
0.000
0.000
0.000
0.000
0.000
0.000
0.000
0.000
0.000
0.000
0.000
0.000
0.000
0.000
0.000
0.000
0.000
0.000
0.000
0.000
0.000
0.000
0.000
0.000
0.000
0.000
0.000
0.000
0.000
0.000
0.000
0.000
0.000
0.000
0.000
0.000
0.000
0.000
0.000
0.000
0.000
0.000
0.000
0.000
0.000
0.000
0.000
0.000
0.000
0.000
0.000
0.000
0.000
0.000
0.000
0.000
0.000
0.000
0.000
0.000
0.000
0.000
0.000
0.000
0.000
0.000
0.000
0.000
0.000
0.000
0.000
0.000
0.000
0.000
0.000
0.000
0.000
0.000
0.000
0.000
0.000
0.000
0.000
0.000
0.000
0.000
0.000
0.000
0.000
0.000
0.000
0.000
0.000
0.000
0.000
0.000
0.000
0.000
0.000
0.000
0.000
0.000
0.000
0.000
0.000
0.000
0.000
0.000
0.000
0.000
0.000
0.000
0.000
0.000
0.000
0.000
0.000
0.000
0.000
0.000
0.000
0.000
0.000
0.000
0.000
0.000
0.000
0.000
0.000
0.000
0.000
0.000
0.000
0.000
0.000
0.000
0.000
0.000
0.000
0.000
0.000
0.000
0.000
0.000
0.000
0.000
0.000
0.000
0.000
0.000
0.000
0.000
0.000
0.000
0.000
0.000
0.000
0.000
0.000
0.000
0.000
0.000
0.0
0.0
0.0
0.0
0.0
0.0
0.0
0.005619982158786797
0.0
2.720275344180225
15.612359550561795
15.789772727272727
15.477103960396038
15.809136420525654
15.749999999999998
15.457972805933249
15.592892768079798
15.88973384030418
15.457972805933249
15.612359550561795
15.573033707865166
15.573033707865166
15.592499999999998
15.513749999999998
15.612359550561795
15.809734513274336
15.322222222222221
15.513749999999998
15.789772727272727
15.633044554455443
15.631874999999997
15.592499999999998
15.592892768079798
15.809734513274336
15.631874999999997
15.651439299123902
15.457972805933249
15.573033707865166
15.55361596009975
15.909090909090908
15.671249999999999
15.457249070631969
15.592499999999998
15.631874999999997
15.455790784557907
15.84955752212389
15.457972805933249
15.612015018773466
15.749999999999998
15.457972805933249
15.670454545454543
15.438118811881186
15.55361596009975
15.769911504424776
15.651685393258425
15.34116192830655
15.789873417721518
15.49690976514215
15.612359550561795
15.573033707865166
15.631874999999997
15.769861286254727
15.399133663366335
15.573033707865166
15.494382022471907
15.651439299123902
15.592892768079798
15.573033707865166
15.494382022471907
15.631874999999997
15.749999999999998
15.438118811881186
15.592892768079798
15.670454545454543
15.399133663366335
15.612359550561795
15.809734513274336
15.438118811881186
15.769911504424776
15.457972805933249
15.55361596009975
15.631578947368418
15.534246575342463
15.769911504424776
15.419035846724348
15.630681818181817
15.477103960396038
15.631874999999997
15.55361596009975
15.749999999999998
15.652657601977749
15.631874999999997
15.533707865168537
15.651439299123902
15.808988764044942
15.612359550561795
15.631874999999997
15.789772727272727
15.399999999999999
15.53316645807259
15.749999999999998
15.477103960396038
15.612359550561795
15.553125
15.809734513274336
15.457972805933249
15.592499999999998
15.769861286254727
15.438118811881186
15.809583858764187
15.71052631578947
15.399999999999999
15.651439299123902
15.73013871374527
15.419035846724348
15.769861286254727
15.477103960396038
15.573033707865166
15.84955752212389
15.457972805933249
15.533707865168537
15.809734513274336
15.381011097410601
15.769911504424776
15.419035846724348
15.592499999999998
15.592499999999998
15.592499999999998
15.592892768079798
15.592499999999998
15.573033707865166
15.809734513274336
15.457972805933249
15.631874999999997
15.789772727272727
15.419035846724348
15.671249999999999
15.55361596009975
15.769911504424776
15.438888888888888
15.671052631578945
15.769662921348313
15.631874999999997
15.612359550561795
15.710227272727272
15.399133663366335
15.592892768079798
15.631874999999997
15.55361596009975
15.631874999999997
15.592499999999998
15.592892768079798
15.612359550561795
15.592499999999998
15.749999999999998
15.477103960396038
15.612359550561795
15.809734513274336
15.438118811881186
15.592499999999998
15.612359550561795
15.612015018773466
15.63216957605985
15.592499999999998
15.631874999999997
15.553125
15.592892768079798
15.749999999999998
15.438118811881186
15.592892768079798
15.631874999999997
15.730088495575218
15.457972805933249
15.73013871374527
15.612015018773466
15.438118811881186
15.612359550561795
15.809583858764187
15.49628252788104
15.769861286254727
15.477103960396038
15.592499999999998
15.789772727272727
15.49628252788104
15.63216957605985
15.651439299123902
15.533707865168537
15.749999999999998
15.55361596009975
15.457249070631969
15.573033707865166
15.612359550561795
15.929203539823005
15.63216957605985
15.477103960396038
15.592499999999998
15.592499999999998
15.612359550561795
15.809734513274336
15.438888888888888
15.749999999999998
15.477103960396038
15.651685393258425
15.749999999999998
15.399999999999999
15.710227272727272
15.631874999999997
15.612359550561795
15.49628252788104
15.592892768079798
15.572590738423028
15.612359550561795
15.789772727272727
15.34116192830655
15.829545454545451
15.477103960396038
15.474374999999998
15.572590738423028
15.534246575342463
15.631874999999997
15.316875
15.73013871374527
15.438118811881186
15.769861286254727
15.516089108910888
15.631874999999997
15.829545454545451
15.457972805933249
15.573033707865166
15.769911504424776
15.477103960396038
15.612359550561795
15.612359550561795
15.533707865168537
15.789873417721518
15.49690976514215
15.55361596009975
15.69026548672566
15.477103960396038
15.849306431273641
15.399133663366335
15.631874999999997
15.789772727272727
15.613720642768849
15.612359550561795
15.69086357947434
15.612359550561795
15.749999999999998
15.53531598513011
15.592499999999998
15.769861286254727
15.457972805933249
15.612015018773466
15.69086357947434
15.573474470734743
15.573033707865166
15.67025316455696
15.457972805933249
15.494382022471907
15.769861286254727
15.457972805933249
15.671052631578945
15.789772727272727
15.438888888888888
15.592499999999998
15.474374999999998
15.651439299123902
15.3572319201995
15.376404494382022
15.631874999999997
15.612359550561795
15.651685393258425
15.631874999999997
15.612359550561795
15.612359550561795
15.651439299123902
15.710227272727272
15.419852034525276
15.651439299123902
15.533707865168537
15.789772727272727
15.457972805933249
15.494382022471907
15.809583858764187
15.477103960396038
15.710227272727272
15.457972805933249
15.612359550561795
15.592499999999998
15.631874999999997
15.53316645807259
15.592892768079798
15.631874999999997
15.612359550561795
15.809734513274336
15.594059405940593
15.651685393258425
15.631874999999997
15.749999999999998
15.477103960396038
15.592105263157894
15.749999999999998
15.457972805933249
15.572590738423028
15.829545454545451
15.457972805933249
15.769911504424776
15.399999999999999
15.651439299123902
15.5143391521197
15.454317897371713
15.573033707865166
15.573033707865166
15.869620253164555
15.477103960396038
15.612359550561795
15.651685393258425
15.631874999999997
15.592499999999998
15.69086357947434
15.592892768079798
15.612015018773466
15.61270236612702
15.631874999999997
15.749999999999998
15.438118811881186
15.651685393258425
15.710227272727272
15.438118811881186
15.671249999999999
15.553125
15.612359550561795
15.789772727272727
15.419035846724348
15.769861286254727
15.631874999999997
15.457972805933249
15.789772727272727
15.49628252788104
15.809583858764187
15.419035846724348
15.612359550561795
15.671249999999999
15.73013871374527
15.438118811881186
15.631874999999997
15.789374999999998
15.651685393258425
15.592499999999998
15.690416141235811
15.399133663366335
15.769861286254727
15.457249070631969
15.592499999999998
15.592499999999998
15.533707865168537
15.671249999999999
15.789772727272727
15.438118811881186
15.769861286254727
15.457972805933249
15.809734513274336
15.438888888888888
15.769861286254727
15.516089108910888
15.809734513274336
15.419035846724348
15.631874999999997
15.73013871374527
15.53531598513011
15.573033707865166
15.631874999999997
15.513749999999998
15.612359550561795
15.592499999999998
15.671249999999999
15.533707865168537
15.73013871374527
15.457972805933249
15.710227272727272
15.53531598513011
15.592892768079798
15.592499999999998
15.789772727272727
15.612015018773466
15.457972805933249
15.631874999999997
15.612359550561795
15.573033707865166
15.769861286254727
15.49628252788104
15.573033707865166
15.474374999999998
15.63216957605985
15.651439299123902
15.592499999999998
15.631874999999997
15.691011235955054
15.789772727272727
15.457972805933249
15.769861286254727
15.438118811881186
15.769861286254727
15.438118811881186
15.631874999999997
15.612359550561795
15.572590738423028
15.592892768079798
15.789772727272727
15.438118811881186
15.631874999999997
15.592892768079798
15.572590738423028
15.73013871374527
15.477103960396038
15.5143391521197
15.612359550561795
15.631874999999997
15.749999999999998
15.612359550561795
15.49628252788104
15.5143391521197
15.573033707865166
15.769911504424776
15.419035846724348
15.789772727272727
15.457972805933249
15.631874999999997
15.612359550561795
15.769861286254727
15.516089108910888
15.789772727272727
15.457972805933249
15.375469336670836
15.651439299123902
15.651685393258425
15.592892768079798
15.809734513274336
15.438118811881186
15.513749999999998
15.612359550561795
15.651439299123902
15.494382022471907
15.612359550561795
15.631874999999997
15.769911504424776
15.477103960396038
15.592892768079798
15.71052631578947
15.612359550561795
15.651439299123902
15.651685393258425
15.573033707865166
15.631874999999997
15.592892768079798
15.730287859824779
15.73013871374527
15.457249070631969
15.749999999999998
15.53531598513011
15.573033707865166
15.612359550561795
15.651685393258425
15.730088495575218
15.49628252788104
15.592892768079798
15.690416141235811
15.477103960396038
15.631874999999997
15.553125
15.592892768079798
15.651439299123902
15.612359550561795
15.533707865168537
15.829746835443036
15.399999999999999
15.631874999999997
15.612359550561795
15.769911504424776
15.438118811881186
15.651685393258425
15.592499999999998
15.612359550561795
15.631874999999997
15.533707865168537
15.631874999999997
15.573033707865166
15.749999999999998
15.477103960396038
15.592499999999998
15.573033707865166
15.612359550561795
15.592499999999998
15.749999999999998
15.457972805933249
15.631874999999997
15.631874999999997
15.631874999999997
15.631874999999997
15.909090909090908
15.457972805933249
15.651685393258425
15.769911504424776
15.438118811881186
15.612359550561795
15.572590738423028
15.63216957605985
15.494382022471907
15.493742177722151
0.0
0.0
0.0
0.0
0.0
0.0
0.0
0.0
0.0
0.0
0.0
0.0
0.0
0.0
0.0
0.0
0.0
0.0
0.0
0.0
0.0
0.0
0.0
0.0
0.0
0.0
0.0
0.0
0.0
0.0
0.0
0.0
0.0
0.0
0.0
0.0
0.0
0.0
0.0
0.0
0.0
0.000
0.000
0.000
0.000
0.000
0.000
0.000
0.000
0.000
0.000
0.000
0.000
0.000
0.000
0.000
0.000
0.000
0.000
0.000
0.000
0.000
0.000
0.000
0.000
0.000
0.000
0.000
0.000
0.000
0.000
0.000
0.000
0.000
0.000
0.000
0.000
0.000
0.000
0.000
0.000
0.000
0.000
0.000
0.000
0.000
0.000
0.000
0.000
0.000
0.000
0.000
0.000
0.000
0.000
0.000
0.000
0.000
0.000
0.000
0.000
0.000
0.000
0.000
0.000
0.000
0.000
0.000
0.000
0.000
0.000
0.000
0.000
0.000
0.000
0.000
0.000
0.000
0.000
0.000
0.000
0.000
0.000
0.000
0.000
0.000
0.000
0.000
0.000
0.000
0.000
0.000
0.000
0.000
0.000
0.000
0.000
0.000
0.000
0.000
0.000
0.000
0.000
0.000
0.000
0.000
0.000
0.000
0.000
0.000
0.000
0.000
0.000
0.000
0.000
0.000
0.000
0.000
0.000
0.000
0.000
0.000
0.000
0.000
0.000
0.000
0.000
0.000
0.000
0.000
0.000
0.000
0.000
0.000
0.000
0.000
0.000
0.000
0.000
0.000
0.000
0.000
0.000
0.000
0.000
0.000
0.000
0.000
0.000
0.000
0.000
0.000
0.000
0.000
0.000
0.000
0.000
0.000
0.000
0.000
0.000
0.000
0.000
0.000
0.000
0.000
0.000
0.000
0.000
0.000
0.000
0.000
0.000
0.000
0.000
0.000
0.000
0.000
0.000
0.000
0.000
0.000
0.000
0.000
0.000
0.000
0.000
0.000
0.000
0.000
0.000
0.000
0.000
0.000
0.000
0.000
0.000
0.000
0.000
0.000
0.000
0.000
0.000
0.000
0.000
0.000
0.000
0.000
0.000
0.000
0.000
0.000
0.000
0.000
0.000
0.000
0.000
0.000
0.000
0.000
0.000
0.000
0.000
0.000
0.000
0.000
0.000
0.000
0.000
0.000
0.000
0.000
0.000
0.000
0.000
0.000
0.000
0.000
0.000
0.000
0.000
0.000
0.000
0.000
0.000
0.000
0.000
0.000
0.000
0.000
0.000
0.000
0.000
0.000
0.000
0.000
0.000
0.000
0.000
0.000
0.000
0.000
0.000
0.000
0.000
0.000
0.000
0.000
0.000
0.000
0.000
0.000
0.000
0.000
0.000
0.000
0.000
0.000
0.000
0.000
0.000
0.000
0.000
0.000
0.000
0.000
0.000
0.000
0.000
0.000
0.000
0.000
0.000
0.000
0.000
0.000
0.000
0.000
0.000
0.000
0.000
