0.00
0.00
0.00
0.00
0.00
0.00
0.00
0.00
0.00
0.00
0.00
22.80
22.70
22.50
22.40
22.30
22.20
22.30
22.70
22.90
23.10
23.10
22.90
22.70
22.60
22.40
22.30
22.20
22.10
22.10
30.70
54.70
27.60
35.70
21.80
21.80
21.80
21.80
21.80
21.80
21.90
22.10
22.30
22.50
22.60
22.80
22.90
23.00
23.10
23.10
23.20
23.30
23.30
23.30
23.40
23.40
23.40
23.40
23.50
23.50
23.50
23.50
23.50
23.60
23.50
23.50
23.50
23.50
23.50
23.50
23.50
23.60
23.60
23.60
23.60
23.60
23.60
23.60
23.60
23.60
23.60
23.60
23.60
23.60
23.60
23.60
23.60
23.60
23.60
23.60
23.50
23.50
23.60
23.60
23.60
23.60
23.60
23.60
23.60
23.60
23.60
23.60
23.50
23.50
23.60
23.60
23.60
23.60
23.60
23.60
23.50
23.60
23.50
23.50
23.50
23.50
23.50
23.60
23.50
23.50
23.60
23.60
23.50
23.50
23.60
23.60
23.60
23.60
23.60
23.60
23.60
23.60
23.60
23.60
23.60
23.60
23.50
23.50
23.50
23.50
23.50
23.60
23.60
23.50
23.50
23.50
23.50
23.60
23.50
23.50
23.50
23.50
23.50
23.60
23.60
23.50
23.50
23.60
23.60
23.50
23.50
23.50
23.60
23.60
23.60
23.60
23.50
23.50
23.60
23.60
23.50
23.60
23.60
23.50
23.60
23.60
23.50
23.60
23.60
23.60
23.60
23.50
23.50
23.60
23.60
23.50
23.60
23.50
23.60
23.60
23.50
23.50
23.50
23.50
23.50
23.60
23.60
23.50
23.50
23.50
23.50
23.60
23.50
23.50
23.50
23.50
23.50
23.50
23.50
23.60
23.60
23.60
23.50
23.50
23.50
23.50
23.50
23.50
23.50
23.60
23.60
23.50
23.60
23.60
23.50
23.50
23.60
23.60
23.50
23.60
23.50
23.50
23.50
23.50
23.50
23.50
23.60
23.60
23.50
23.60
23.60
23.60
23.60
23.50
23.50
23.50
23.50
23.60
23.50
23.60
23.60
23.60
23.60
23.60
23.60
23.60
23.60
23.50
23.50
23.60
23.50
23.50
23.60
23.60
23.70
24.10
24.10
24.10
24.10
24.10
24.10
24.10
24.00
24.00
24.00
24.00
24.00
24.00
24.00
24.00
24.00
23.90
23.90
23.80
23.80
23.80
23.70
23.70
23.70
23.70
23.60
23.60
23.60
23.60
23.70
23.70
23.60
23.60
23.60
23.60
23.60
23.60
23.60
23.60
23.60
23.60
23.60
23.60
23.60
23.60
23.60
23.60
23.60
23.60
23.60
23.60
23.60
23.60
23.60
23.60
23.60
23.60
23.60
23.50
23.50
23.60
23.50
23.50
23.60
23.60
23.60
23.50
23.60
23.60
23.60
23.60
23.50
23.50
23.50
23.50
23.50
23.50
23.50
23.60
23.50
23.50
23.60
23.60
23.60
23.60
23.50
23.50
23.50
23.50
23.50
23.50
23.50
23.50
23.50
23.50
23.50
23.50
23.50
23.50
23.50
23.50
23.50
23.50
23.50
23.50
23.50
23.60
23.60
23.60
23.60
23.60
23.70
23.60
23.60
23.60
23.60
23.60
23.60
23.60
23.50
23.60
23.60
23.50
23.60
23.60
23.50
23.60
23.60
23.50
23.50
23.50
23.50
23.50
23.60
23.50
23.60
23.60
23.60
23.60
23.60
23.60
23.60
23.50
23.50
23.50
23.50
23.50
23.60
23.60
23.60
23.60
23.60
23.50
23.50
23.50
23.50
23.50
23.50
23.50
23.50
23.50
23.50
23.50
23.50
23.50
23.50
23.50
23.50
23.50
23.50
23.50
23.50
23.50
23.50
23.50
23.50
23.50
23.50
23.50
23.50
23.50
23.50
23.50
23.50
23.50
23.50
23.50
23.50
23.60
23.50
23.50
23.50
23.50
23.60
23.60
23.50
23.50
23.50
23.60
23.60
23.60
23.60
23.60
23.50
23.50
23.60
23.50
23.50
23.60
23.50
23.50
23.60
23.60
23.60
23.60
23.60
23.60
23.60
23.60
23.60
23.60
23.60
23.60
23.60
23.50
23.50
23.60
23.50
23.60
23.60
23.60
23.60
23.60
23.50
23.50
23.50
23.50
23.50
23.50
23.50
23.50
23.50
23.50
23.50
23.60
23.60
23.50
23.60
23.50
23.50
23.50
23.50
23.50
23.50
23.50
23.50
23.50
23.50
23.60
23.70
23.60
23.60
23.60
23.50
23.50
23.60
23.60
23.60
23.60
23.60
23.60
23.50
23.60
23.50
23.60
23.50
23.30
23.10
22.90
22.70
22.60
22.50
22.40
22.30
22.20
22.20
22.10
22.00
22.00
21.90
22.00
21.90
21.90
21.80
21.80
21.80
21.80
21.70
21.70
21.70
21.70
21.70
21.70
21.70
21.70
21.70
21.70
21.70
21.70
21.70
21.70
21.60
21.60
21.70
21.70
21.70
21.60
21.80
21.80
21.70
21.70
21.70
21.60
21.60
21.60
21.60
21.60
21.50
21.50
21.60
21.50
21.50
21.80
22.10
22.10
22.00
21.90
21.90
21.90
21.80
21.70
21.80
21.70
21.60
21.60
21.60
21.60
21.60
21.60
21.50
21.50
21.50
21.50
21.50
21.50
21.50
21.50
21.50
21.40
21.50
21.40
21.40
21.40
21.40
21.50
21.50
21.50
21.50
21.50
21.50
21.40
21.40
21.40
21.40
21.40
21.40
21.40
21.40
21.40
21.40
21.40
21.40
21.40
21.40
21.40
21.40
21.40
21.40
21.40
21.40
21.40
21.40
21.40
21.40
21.40
21.40
21.40
21.40
21.40
21.40
21.40
21.40
21.40
21.40
21.40
21.40
21.40
21.40
21.40
21.40
21.40
21.40
21.40
21.50
21.50
21.50
21.50
21.50
21.50
21.50
21.50
21.50
21.50
21.50
21.50
21.50
21.50
21.40
21.40
21.40
21.50
21.50
21.40
21.40
21.40
21.40
21.40
21.40
21.40
21.40
21.40
21.40
21.40
21.40
21.50
21.40
21.50
21.40
21.40
21.40
21.40
21.40
21.40
21.40
21.40
21.40
21.40
21.40
21.40
21.40
21.40
21.40
21.40
21.40
21.40
21.40
21.40
21.40
21.40
21.40
21.40
21.40
21.40
21.40
21.40
21.40
21.40
21.40
21.40
21.40
21.40
21.40
21.40
21.30
21.40
21.40
21.40
21.40
21.40
21.40
21.40
21.40
21.30
21.30
21.40
21.30
21.30
21.40
21.40
21.30
21.30
21.40
21.30
21.40
21.40
21.40
21.40
21.50
21.40
21.40
21.50
21.40
21.40
21.40
21.40
21.40
21.40
21.40
21.40
21.40
21.40
21.40
21.40
21.40
21.40
21.40
21.40
21.40
21.40
21.40
21.40
21.40
21.40
21.40
21.40
21.30
21.40
21.40
21.40
21.40
21.40
21.30
21.30
21.30
21.40
21.40
21.40
21.40
21.30
21.40
21.40
21.30
21.40
21.30
21.30
21.40
21.30
21.40
21.40
21.30
21.40
21.40
21.30
21.40
21.40
21.40
21.30
21.30
21.40
21.30
21.40
21.30
21.40
21.40
21.30
21.30
21.40
21.30
21.30
21.30
21.30
21.30
21.40
21.30
21.40
21.40
21.40
21.30
21.40
21.30
21.30
21.30
21.40
21.30
21.40
21.30
21.30
21.40
21.40
21.40
21.70
21.80
21.80
21.80
21.80
21.80
21.80
21.80
21.70
21.80
21.80
21.70
21.80
21.80
21.70
21.60
21.60
45.10
45.10
27.20
27.30
21.80
21.70
21.70
21.80
21.70
21.70
22.10
22.50
22.70
22.90
23.10
23.30
23.40
23.50
23.70
23.70
23.80
23.90
23.90
24.00
24.10
24.10
24.20
24.20
24.20
24.20
24.30
24.30
24.30
24.30
24.30
24.30
24.30
24.40
24.40
24.40
24.30
24.30
24.30
24.40
24.40
24.40
24.40
24.40
24.40
24.40
24.40
24.40
24.40
24.40
24.40
24.40
24.40
24.40
24.40
24.40
24.40
24.40
24.40
24.40
24.40
24.40
24.40
24.40
24.40
24.30
24.40
24.40
24.30
24.40
24.40
24.40
24.40
24.40
24.40
24.40
24.40
24.40
24.40
24.40
24.40
24.40
24.40
24.40
24.40
24.40
24.40
24.30
24.40
24.40
24.40
24.40
24.40
24.40
24.40
24.50
24.40
24.40
24.40
24.40
24.50
24.40
24.40
24.40
24.40
24.40
24.40
24.40
24.40
24.40
24.40
24.40
24.40
24.40
24.40
24.40
29.90
29.40
29.00
28.40
27.90
27.60
27.10
26.80
26.70
26.40
26.30
26.20
26.00
25.80
25.60
25.50
25.30
25.20
25.10
25.00
25.00
25.00
31.80
25.30
25.20
25.00
24.90
24.90
24.90
24.80
24.70
24.60
24.60
24.50
24.40
24.30
24.20
24.20
24.20
24.10
24.10
24.00
24.00
23.90
23.90
24.00
24.10
24.10
24.10
24.20
24.20
24.20
24.20
24.20
24.30
24.30
24.30
24.30
24.30
24.30
24.30
24.30
24.30
24.30
24.30
24.30
24.30
24.40
24.40
24.40
24.40
24.40
24.40
24.40
24.40
24.40
24.50
24.40
24.40
24.50
24.50
24.50
24.50
24.40
24.50
24.50
24.50
24.50
24.40
24.50
24.50
24.50
24.50
24.50
24.40
24.40
24.40
24.40
24.40
24.40
24.40
24.40
24.40
24.40
24.40
24.40
24.50
24.50
24.50
24.40
24.40
24.40
24.40
24.40
24.40
24.40
24.40
24.40
24.40
24.40
24.40
24.40
24.40
24.40
24.40
24.40
24.40
24.40
24.40
24.40
24.40
24.40
24.40
24.40
24.50
24.40
24.50
24.50
24.50
24.50
24.50
24.40
24.50
24.70
24.60
24.60
24.70
24.60
24.60
24.60
24.60
24.70
24.60
24.60
24.60
24.60
24.60
24.60
24.60
24.50
24.60
24.50
24.50
24.50
24.60
24.50
24.50
24.60
24.60
24.60
24.60
24.60
24.60
24.60
24.50
24.50
24.50
24.50
24.50
24.50
24.50
24.50
24.40
24.50
24.50
24.50
24.50
24.50
24.50
24.40
24.40
24.40
24.40
24.40
24.40
24.40
24.40
24.40
24.40
24.40
24.40
24.40
24.40
24.40
24.40
24.40
24.50
24.50
24.40
24.40
24.40
24.40
24.40
24.40
24.40
24.40
24.40
24.40
24.40
24.40
24.40
24.40
24.40
24.40
24.40
24.40
24.40
24.40
24.40
24.40
24.50
24.50
24.50
24.50
24.50
24.50
24.50
24.50
24.50
24.50
24.50
24.50
24.50
24.50
24.50
24.50
24.50
24.50
24.40
24.40
24.50
24.50
24.40
24.40
24.50
24.40
24.40
24.40
24.40
24.40
24.40
24.50
24.40
24.40
24.50
24.40
24.50
24.50
24.40
24.50
24.50
24.40
24.50
24.40
24.40
24.40
24.50
24.40
24.40
24.40
24.40
24.40
24.40
24.40
24.40
24.40
24.40
24.50
24.50
24.50
24.50
24.50
24.40
24.40
24.50
24.40
24.40
24.40
24.40
24.40
24.40
24.40
24.50
24.40
24.40
24.40
24.40
24.40
24.40
24.40
24.40
24.40
24.40
24.40
24.40
24.40
24.40
24.40
24.40
24.40
24.40
24.50
24.50
24.50
24.50
24.40
24.50
24.50
24.50
24.50
24.40
24.50
24.50
24.50
24.50
24.50
24.50
24.50
24.50
24.40
24.40
24.40
24.40
24.40
24.50
24.50
24.50
24.50
24.40
24.40
24.50
24.40
24.50
24.50
24.50
24.50
24.40
24.50
24.50
24.40
24.50
24.40
24.50
24.50
24.50
24.50
24.40
24.40
24.40
24.40
24.40
24.40
24.50
24.40
24.40
24.50
24.50
24.50
24.50
24.50
24.50
24.50
24.50
24.50
24.50
24.60
24.50
24.50
24.50
24.50
24.20
23.90
23.60
23.30
23.10
22.90
22.80
22.70
22.50
22.40
22.30
22.20
22.20
22.10
22.10
22.10
22.00
22.00
22.00
21.90
21.80
21.80
21.80
21.80
21.80
21.80
21.70
21.80
21.70
21.70
21.70
21.70
21.70
21.70
21.70
21.60
21.70
21.60
21.70
21.70
21.70
27.40
26.80
21.60
21.50
21.50
21.50
21.50
21.50
21.50
21.50
21.50
21.50
21.40
21.40
21.50
21.40
21.50
21.40
21.50
21.50
21.40
21.40
21.40
21.40
21.40
21.40
21.40
21.40
21.40
21.40
21.40
21.60
21.80
21.90
21.90
21.90
21.80
21.80
21.80
21.80
21.80
21.80
21.80
21.80
22.00
21.90
21.80
21.80
21.70
21.70
21.60
21.60
21.60
21.60
21.50
21.50
21.50
21.50
21.50
21.50
21.40
21.40
21.50
21.40
21.80
21.80
21.70
21.70
21.70
21.60
21.60
21.60
21.50
21.50
21.60
21.60
21.60
21.50
21.50
21.50
21.50
21.50
21.50
21.40
21.40
21.40
21.40
21.40
21.40
21.40
21.40
21.40
21.40
21.40
21.40
21.50
21.40
21.40
21.40
21.40
21.40
21.40
21.40
21.40
21.40
21.40
21.40
21.40
21.40
21.40
21.30
21.40
21.30
21.40
21.30
21.40
21.40
21.30
21.30
21.40
21.40
21.40
21.40
21.40
21.40
21.40
21.40
21.40
21.40
21.40
21.40
21.40
21.30
21.30
21.40
21.40
21.30
21.40
21.40
21.30
21.40
21.40
21.40
21.40
21.40
21.40
21.40
21.40
21.40
21.40
21.40
21.40
21.40
21.40
21.40
21.30
21.30
21.40
21.40
21.40
21.30
21.30
21.30
21.30
21.40
21.30
21.30
21.40
21.40
21.40
21.40
21.40
21.40
21.40
21.40
21.40
21.40
21.40
21.40
21.40
21.30
21.30
21.40
21.30
21.30
21.40
21.30
21.30
21.40
21.40
21.30
21.40
21.40
21.30
21.40
21.30
21.40
21.30
21.30
21.30
21.40
21.40
21.30
21.30
21.40
21.30
21.30
21.30
21.30
21.30
21.30
21.30
21.30
21.30
21.30
21.40
21.30
21.30
21.40
21.30
21.30
21.40
21.30
21.30
21.40
21.30
21.30
21.30
21.30
21.30
21.40
21.40
21.30
21.40
21.30
21.30
21.40
21.30
21.30
21.40
21.40
21.30
21.30
21.40
21.30
21.30
21.30
21.30
21.40
21.30
21.30
21.30
21.30
21.30
21.40
21.30
21.40
21.40
21.30
21.30
21.40
21.30
21.40
21.30
21.40
21.30
21.30
21.30
21.30
21.40
21.40
21.40
21.40
21.40
21.30
21.40
21.30
21.30
21.30
21.40
21.30
21.40
21.40
21.30
21.40
21.40
21.30
21.30
21.40
21.30
21.30
21.30
21.30
21.40
21.30
21.30
21.30
21.30
21.30
21.30
39.30
49.90
22.00
21.90
21.90
21.90
21.90
21.80
21.80
21.80
22.00
22.40
22.60
22.90
23.00
23.20
23.30
23.40
23.60
23.70
23.70
23.80
23.90
23.90
24.00
24.10
24.10
24.10
24.10
24.10
24.20
24.20
24.20
24.20
24.30
24.30
24.30
24.30
24.30
24.30
24.30
24.30
24.40
24.30
24.30
24.40
24.40
24.30
24.40
24.40
24.30
24.40
24.40
24.40
24.30
24.40
24.40
24.40
24.40
24.40
24.40
24.50
24.40
24.50
24.40
24.40
24.40
24.40
24.40
24.40
24.40
24.40
24.40
24.50
24.40
24.40
24.40
24.40
24.40
24.40
24.40
24.40
24.40
24.40
24.40
24.40
24.40
24.40
24.40
24.40
24.40
24.40
24.40
24.40
24.40
24.40
24.40
24.40
24.40
24.40
24.40
24.30
24.40
24.40
24.30
24.40
24.40
24.30
24.40
24.40
24.40
24.40
24.40
24.40
24.40
24.40
24.40
24.50
24.50
24.50
24.50
24.50
24.50
24.50
24.50
24.50
24.40
24.40
24.40
24.40
24.40
24.40
24.40
24.40
24.40
24.40
24.40
24.40
24.40
24.40
24.40
24.40
24.40
24.40
24.40
24.40
24.40
24.40
24.40
24.30
24.40
24.30
24.30
24.40
24.30
24.30
24.30
24.30
24.30
24.40
24.40
24.40
24.40
24.40
24.40
24.40
24.40
24.30
24.40
24.40
24.30
24.30
24.30
24.30
24.30
24.40
24.30
24.30
24.40
24.30
24.30
24.40
24.40
24.40
24.40
24.40
24.40
24.40
24.30
24.30
24.40
24.30
24.40
24.40
24.40
24.40
24.40
24.40
24.30
24.40
24.40
24.40
24.40
24.40
24.40
24.40
24.40
24.40
24.40
24.40
24.40
24.40
24.40
24.40
24.40
24.40
24.40
24.40
24.40
24.30
24.40
24.30
24.40
24.30
24.40
24.30
24.40
24.30
24.30
24.40
24.40
24.40
24.40
24.40
24.50
24.50
24.40
24.40
24.50
24.50
24.50
24.50
24.50
24.50
24.50
24.50
24.50
24.40
24.50
24.50
24.50
24.50
24.50
24.50
24.50
24.50
24.50
24.50
24.50
24.50
24.50
24.40
24.50
24.70
24.70
24.70
24.70
24.70
24.90
24.80
24.80
24.80
24.70
24.60
24.70
24.60
24.60
24.60
24.60
24.60
24.60
24.60
24.50
24.60
24.60
24.50
24.50
24.50
24.50
24.60
24.60
24.50
24.60
24.60
24.50
24.50
24.50
24.50
24.50
24.50
24.50
24.50
24.40
24.40
24.60
24.60
24.50
24.60
24.60
24.50
24.60
24.60
24.50
24.50
24.50
24.50
24.50
24.50
24.50
24.50
24.50
24.40
24.60
24.60
24.60
24.50
24.50
24.50
24.50
24.50
24.50
24.70
25.00
25.00
25.00
25.00
24.90
24.90
24.90
24.90
24.90
24.90
25.20
30.90
25.10
25.00
24.80
24.80
24.70
24.70
24.70
24.60
24.60
24.60
24.50
24.50
24.50
24.50
24.50
24.50
24.50
24.50
24.50
24.40
24.40
24.40
24.40
24.40
24.40
24.40
24.40
24.40
24.40
24.40
24.40
24.40
24.40
24.40
24.40
24.40
24.40
24.40
24.40
24.40
24.40
24.40
24.40
24.40
24.40
24.40
24.40
24.40
24.40
24.40
24.40
24.50
24.50
24.50
24.50
24.50
24.50
24.60
24.50
24.50
24.60
24.50
24.50
24.50
24.60
24.50
24.50
24.50
24.50
24.50
24.40
24.50
24.50
24.50
24.50
24.50
24.50
24.50
24.50
24.50
24.50
24.50
24.40
24.40
24.50
24.40
24.40
24.40
24.40
24.40
24.40
24.40
24.40
24.40
24.40
24.30
24.40
24.30
24.30
24.40
24.40
24.30
24.40
24.40
24.40
24.40
24.50
24.40
24.40
24.40
24.40
24.50
24.50
24.40
24.50
24.40
24.40
24.40
24.40
24.40
24.40
24.40
24.40
24.40
24.40
24.40
24.50
24.50
24.50
24.50
24.50
24.50
24.50
24.50
24.50
24.50
24.50
24.50
24.50
24.40
24.50
24.50
24.50
24.50
24.50
24.50
24.50
24.50
24.50
24.50
24.50
24.50
24.50
24.40
24.40
24.40
24.40
24.40
24.50
24.50
24.50
24.40
24.60
24.50
24.50
24.50
24.30
23.90
23.70
23.40
23.20
23.00
22.80
22.70
22.60
22.50
22.30
22.30
22.20
22.10
22.10
22.00
22.00
21.90
21.90
21.80
21.80
21.80
21.70
21.70
21.70
21.70
21.70
21.70
21.70
21.70
21.70
21.70
21.70
21.70
21.60
21.60
21.60
21.60
21.70
21.60
21.60
21.80
21.70
21.70
21.70
21.60
21.60
21.50
21.50
21.50
21.50
21.50
21.50
21.40
21.40
21.40
21.40
21.40
21.40
21.40
21.40
21.50
21.50
21.50
21.50
21.50
21.50
21.40
21.40
21.40
21.40
21.40
21.40
21.40
21.40
21.40
21.40
21.40
21.40
21.40
21.40
21.40
21.40
21.40
21.40
21.30
21.40
21.40
21.40
21.30
21.30
21.40
21.30
21.40
21.30
21.40
21.40
21.30
21.30
21.40
21.40
21.40
21.40
21.30
21.30
21.40
21.40
21.40
21.40
21.40
21.30
21.30
21.40
21.30
21.40
21.40
21.40
21.40
21.40
21.30
21.40
21.40
21.30
21.40
21.40
21.40
21.40
21.40
21.40
21.40
21.40
21.40
21.40
21.40
21.40
21.40
21.40
21.40
21.40
21.40
21.30
21.40
21.40
21.40
21.40
21.40
21.40
21.40
21.40
21.40
21.40
21.40
21.40
21.40
21.80
22.10
22.00
22.00
21.90
21.90
21.80
21.70
21.70
21.60
21.60
21.60
21.60
21.50
21.50
21.50
21.50
21.50
21.50
21.50
21.50
21.50
21.40
21.50
21.40
21.40
21.40
21.40
21.40
21.40
21.50
21.50
21.40
21.50
21.50
21.40
21.50
21.40
21.50
21.40
21.40
21.40
21.40
21.40
21.40
21.40
21.40
21.40
21.30
21.40
21.40
21.40
21.40
21.40
21.40
21.40
21.30
21.40
21.30
21.30
21.30
21.30
21.30
21.30
21.40
21.30
21.40
21.40
21.30
21.40
21.30
21.40
21.40
21.40
21.40
21.40
21.40
21.40
21.40
21.40
21.30
21.40
21.30
21.30
21.30
21.40
21.30
21.30
21.40
21.30
21.30
21.40
21.30
21.40
21.30
21.40
21.40
21.30
21.30
21.30
21.30
21.40
21.40
21.30
21.30
21.40
21.30
21.30
21.30
21.30
21.40
21.40
21.40
21.30
21.40
21.40
21.30
21.40
21.30
21.30
21.40
21.30
21.30
21.40
21.40
21.40
21.40
21.40
21.40
21.40
21.30
21.30
21.30
21.30
21.30
21.30
21.30
21.30
21.30
21.30
21.30
21.30
21.30
21.30
21.40
21.30
21.30
21.40
21.40
21.30
21.30
21.40
21.40
21.40
21.30
21.30
21.40
21.30
21.30
21.30
21.30
21.30
21.30
21.30
21.30
21.40
21.40
21.30
21.40
21.40
21.30
21.40
21.30
21.30
21.30
21.30
21.30
21.40
21.30
21.30
21.30
21.30
21.30
21.40
21.40
21.40
21.40
27.20
54.50
29.70
35.30
21.60
21.60
21.60
21.60
21.60
21.70
21.90
28.20
28.10
27.90
28.00
27.80
27.60
27.60
27.40
27.30
27.20
27.10
27.10
27.20
27.30
27.10
27.00
26.80
26.60
26.60
26.50
26.70
26.80
26.90
26.90
26.90
26.90
26.70
26.80
26.80
26.80
26.80
26.70
26.70
26.80
27.00
26.80
26.90
27.00
26.90
26.70
26.70
26.70
26.60
26.60
26.60
26.70
26.80
27.00
26.80
26.80
26.90
26.80
26.80
26.80
26.60
26.70
26.60
26.40
26.80
26.70
26.70
26.70
26.60
26.80
26.90
26.90
26.90
26.90
26.80
27.20
27.50
27.50
27.30
27.30
27.30
27.20
27.20
27.10
27.10
27.10
27.00
27.00
27.40
27.30
27.10
27.00
27.00
26.90
27.10
27.10
27.00
26.90
26.90
26.80
27.00
26.90
26.90
26.90
26.80
26.80
26.80
26.70
26.60
26.50
26.40
26.30
26.20
26.10
26.10
26.20
26.20
26.20
26.20
26.10
26.00
26.00
25.90
25.80
25.90
25.90
25.80
25.80
25.80
25.80
25.70
25.90
25.80
25.80
25.80
25.70
25.70
25.70
25.70
25.70
25.70
25.60
25.60
25.60
25.60
25.60
25.50
25.50
25.60
25.70
25.70
25.70
25.70
25.70
26.00
26.00
26.10
26.00
26.00
26.00
25.90
25.90
25.90
26.40
26.40
26.30
26.40
26.40
26.40
26.50
26.50
26.50
26.50
26.50
26.50
26.50
26.40
26.50
26.80
26.90
26.80
27.00
26.90
26.90
26.90
27.00
26.90
26.90
27.00
27.00
27.00
27.00
26.90
27.10
27.00
27.00
27.30
27.30
27.20
27.20
27.10
27.10
27.00
26.90
26.80
26.70
26.70
26.60
26.70
26.70
26.70
26.70
26.60
26.90
26.80
26.80
26.70
26.70
26.70
26.60
26.60
26.60
26.50
26.50
26.70
26.60
26.60
26.80
26.80
26.80
26.80
26.80
26.80
27.10
27.10
27.10
27.00
27.00
27.00
27.00
26.90
26.80
26.80
26.70
26.70
26.60
26.50
26.60
26.70
26.60
26.60
26.70
26.80
26.80
27.00
26.90
26.90
26.80
26.60
26.50
26.40
26.20
26.20
26.40
26.40
26.20
26.20
26.10
26.10
26.10
26.10
26.00
25.90
25.90
25.90
26.10
26.00
26.10
26.10
26.10
26.20
26.20
26.20
26.10
26.10
26.00
25.90
25.90
25.80
25.80
25.80
25.70
25.70
25.70
25.70
25.60
25.70
25.70
25.60
25.60
25.60
25.60
25.60
25.60
25.60
25.70
25.70
25.60
25.70
25.70
25.80
25.90
25.90
26.10
26.20
26.20
26.20
26.30
26.40
26.40
26.40
26.20
26.20
26.10
26.00
26.00
26.00
25.90
25.80
25.80
25.80
25.80
25.70
25.80
25.80
25.70
25.70
25.70
25.70
25.70
25.60
25.60
25.60
25.60
25.60
25.60
25.50
25.50
25.50
25.50
25.50
25.50
25.50
25.50
25.60
25.60
25.60
25.60
25.60
25.60
25.70
25.70
26.00
26.30
26.30
26.40
26.30
26.30
26.30
26.40
26.40
26.50
26.40
26.30
26.30
26.30
26.40
26.70
26.70
26.80
27.10
27.30
27.20
27.20
27.00
26.90
26.70
26.60
26.70
26.60
26.50
26.40
26.30
26.20
26.10
26.10
26.10
26.30
26.20
26.30
26.20
26.30
26.30
26.30
26.30
26.40
26.40
26.30
26.40
26.50
26.50
26.50
26.50
26.50
26.50
26.50
26.40
26.50
26.50
26.40
26.50
26.50
26.70
26.70
26.60
26.60
26.50
26.40
26.30
26.50
26.40
26.20
26.30
26.30
26.30
26.30
26.30
26.30
26.30
26.20
26.10
26.10
26.10
26.00
26.10
26.00
25.90
26.10
26.00
25.90
26.00
25.90
25.90
26.00
25.90
25.90
26.10
26.20
26.30
26.30
26.30
26.30
26.40
26.40
26.40
26.60
26.60
26.60
26.50
26.50
26.60
26.50
26.50
26.50
26.50
26.40
26.40
26.40
26.40
26.40
26.40
26.40
26.40
26.40
26.30
26.30
26.40
26.40
26.40
26.40
26.40
26.40
26.40
26.30
26.30
26.40
26.30
26.30
26.60
26.60
26.50
27.10
27.00
26.90
26.80
26.40
25.90
25.30
24.90
24.50
24.20
23.90
23.60
23.30
23.20
23.00
22.80
22.70
22.50
22.50
22.30
22.30
22.20
22.10
22.10
22.00
22.00
21.90
21.90
21.90
21.90
21.80
21.80
21.80
21.80
21.80
21.80
21.80
21.80
21.70
21.80
21.70
21.70
21.70
21.70
21.70
21.80
21.80
21.80
21.80
21.70
21.70
21.70
21.70
21.60
21.60
21.60
21.60
21.60
21.50
21.60
21.50
21.60
21.50
21.60
21.50
21.50
21.50
21.50
21.50
21.50
21.50
21.50
21.50
21.50
21.50
21.40
21.40
21.50
21.50
21.50
21.50
21.40
21.50
21.50
21.40
21.50
21.40
21.40
21.50
21.50
21.40
21.40
21.40
21.40
21.40
21.40
21.40
21.40
21.40
21.40
21.50
21.40
21.40
21.40
21.40
21.40
21.40
21.50
21.40
21.50
21.40
21.40
21.40
21.40
21.40
21.40
21.40
21.40
21.40
21.40
21.40
21.40
21.40
21.40
21.40
21.40
21.40
21.40
21.40
21.40
21.40
21.40
21.40
21.40
21.40
21.40
21.40
21.40
21.40
21.40
21.40
21.40
21.40
21.40
21.40
21.50
21.50
21.40
21.40
21.40
21.40
21.40
21.40
21.40
21.40
21.40
21.40
21.40
21.50
21.50
21.40
21.40
21.40
21.50
21.50
21.50
21.50
21.50
21.50
21.40
21.40
21.40
21.40
21.40
21.70
21.90
21.90
21.90
21.80
21.90
21.90
21.80
21.80
21.80
21.80
21.80
21.80
21.90
21.80
21.80
21.70
21.60
21.60
21.60
21.50
21.50
21.50
21.50
21.50
21.50
21.50
21.40
21.40
21.40
21.40
21.40
21.50
21.50
21.50
21.40
21.40
21.40
21.40
21.40
21.40
21.40
21.30
21.40
21.40
21.40
21.40
21.40
21.30
21.40
21.30
21.30
21.40
21.30
21.40
21.40
21.40
21.30
21.30
21.30
21.30
21.40
21.30
21.30
21.40
21.30
21.40
21.40
21.40
21.40
21.40
21.40
21.40
21.40
21.30
21.40
21.40
21.40
21.30
21.30
21.40
21.30
21.30
21.40
21.30
21.30
21.30
21.40
21.40
21.40
21.40
21.40
21.40
21.40
21.40
21.40
21.30
21.30
21.30
21.40
21.30
21.40
21.30
21.40
21.30
21.30
21.30
21.30
21.30
21.30
21.40
21.30
21.30
21.40
21.30
21.30
21.30
21.30
21.40
21.40
21.30
21.30
21.40
21.30
21.30
21.30
21.30
21.30
21.30
21.30
21.30
21.30
21.30
21.30
21.30
21.30
21.30
21.30
21.30
21.30
21.30
21.30
21.30
21.30
21.30
21.30
21.30
21.30
21.30
21.30
21.30
21.30
21.30
21.30
21.30
21.30
21.30
21.30
21.30
21.30
21.30
21.30
21.30
21.30
21.30
21.30
21.30
21.30
21.30
21.30
21.30
21.50
53.40
36.60
36.10
24.10
23.80
23.50
23.30
23.10
22.90
22.70
23.20
23.40
23.70
23.90
24.00
24.20
24.30
24.50
24.50
24.70
24.70
24.80
24.90
25.10
25.00
25.00
24.90
24.90
25.00
25.00
25.00
24.90
24.90
25.10
25.00
25.10
25.10
25.20
25.20
25.20
25.30
25.30
25.30
25.30
25.30
25.30
25.40
25.50
25.60
25.60
25.50
25.60
25.60
25.50
25.60
25.80
25.70
25.70
25.80
25.70
25.60
25.60
25.50
25.60
25.60
25.60
25.50
25.50
25.50
25.60
25.60
25.50
25.50
25.80
25.90
25.80
25.80
25.80
25.80
25.70
25.70
25.90
26.00
25.90
25.80
25.80
25.70
25.80
25.80
25.80
25.70
25.90
25.80
25.80
25.90
25.90
25.80
25.80
25.70
25.70
25.70
25.70
25.60
25.60
25.50
25.50
25.50
36.10
35.90
25.50
25.50
25.60
25.70
25.70
25.70
25.90
26.00
26.10
26.00
25.90
25.80
25.80
26.00
25.90
25.80
25.90
25.80
25.70
25.80
25.80
25.70
25.70
25.80
25.70
25.60
25.60
25.50
25.40
25.30
25.20
25.10
25.00
25.00
25.00
24.90
24.90
24.90
24.80
24.80
24.80
24.80
24.70
24.80
24.90
25.10
25.20
25.20
25.20
25.20
25.30
25.50
25.50
25.40
25.50
25.50
25.40
25.50
25.50
25.40
25.40
25.40
25.50
25.40
25.50
25.50
25.50
25.50
25.40
25.40
25.40
25.40
25.30
25.20
25.20
25.10
25.10
25.10
25.30
25.30
25.30
25.30
25.30
25.50
25.50
25.50
25.50
25.50
25.80
25.70
25.70
25.60
25.60
25.50
25.60
25.50
25.50
25.50
25.50
25.40
25.40
25.40
25.30
25.40
25.30
25.30
25.40
25.30
25.30
25.30
25.30
25.30
25.50
25.40
25.40
25.40
25.40
25.40
25.40
25.40
25.30
25.40
25.40
25.40
25.40
25.40
25.40
25.40
25.40
25.40
25.40
25.40
25.50
25.50
25.50
25.50
25.50
25.50
25.50
25.60
25.60
25.60
25.60
25.70
25.60
25.60
25.60
25.70
25.70
25.70
25.60
25.60
25.60
25.50
25.50
25.50
25.60
25.60
25.60
25.60
25.50
25.40
25.40
25.30
25.20
25.20
25.20
25.10
25.10
25.10
25.20
25.10
25.10
25.30
25.30
25.30
25.30
25.30
25.30
25.30
25.30
25.40
25.40
25.50
25.40
25.40
25.40
25.40
25.30
25.30
25.40
25.40
25.40
25.40
25.40
25.30
25.40
25.40
25.50
25.40
25.40
25.40
25.40
25.50
25.40
25.40
25.50
25.50
25.60
25.70
25.70
25.80
25.80
25.80
25.80
26.00
25.90
25.80
25.80
25.80
25.70
25.70
25.60
25.60
25.60
25.60
25.50
25.60
25.50
25.50
25.50
25.50
25.50
25.40
25.40
25.40
25.40
25.40
25.30
25.40
25.40
25.40
25.50
25.50
25.40
25.40
25.40
25.30
25.40
25.40
25.30
25.40
25.30
25.30
25.30
25.30
25.30
25.30
25.40
25.30
25.30
25.30
25.30
25.40
25.30
25.30
25.30
25.30
25.30
25.20
25.10
25.10
25.00
25.00
25.00
25.00
25.10
25.00
25.00
25.00
24.90
24.90
24.80
24.80
24.80
24.80
24.80
24.70
24.70
24.70
24.70
24.70
24.90
24.90
24.80
24.70
24.80
24.90
24.90
25.00
25.00
25.10
25.00
25.00
25.00
24.90
24.90
24.80
24.80
24.70
24.70
24.80
24.80
24.80
24.90
24.90
25.00
25.00
25.10
25.60
25.80
25.90
25.90
25.80
25.80
25.80
25.80
25.80
25.80
25.90
25.90
25.90
25.90
25.90
25.80
25.90
25.80
25.70
25.70
25.70
25.80
25.80
25.80
25.70
25.70
25.60
25.60
25.60
25.60
25.60
25.60
25.70
25.70
25.70
25.60
25.60
25.50
25.50
25.50
25.50
25.50
25.50
25.50
25.50
25.50
25.40
25.50
25.40
25.40
25.40
25.40
25.40
25.40
25.30
25.30
25.30
25.30
25.30
25.30
25.40
25.40
25.40
25.30
25.30
25.40
25.30
25.30
25.30
25.30
25.40
25.40
25.40
25.30
25.40
25.30
25.40
25.40
25.30
25.30
25.40
25.30
24.90
24.50
24.20
23.80
23.60
23.30
23.10
23.00
22.80
22.60
22.50
22.40
22.30
22.30
22.20
22.10
22.10
22.00
22.00
21.90
21.90
21.90
21.90
21.80
21.80
21.80
21.70
21.70
21.70
21.70
21.70
21.70
21.70
21.70
21.60
21.60
21.60
21.70
21.70
21.60
21.70
21.80
21.80
21.80
21.70
21.70
21.70
21.60
21.60
21.60
21.50
21.50
21.50
21.50
21.50
21.50
21.50
21.50
21.40
21.40
21.40
21.40
21.40
21.40
21.40
21.40
21.40
21.40
21.40
21.30
21.40
21.40
21.40
21.40
21.30
21.30
21.40
21.40
21.30
21.30
21.40
21.30
21.30
21.40
21.40
21.40
21.40
21.30
21.40
21.30
21.40
21.40
21.40
21.30
21.40
21.30
21.30
21.40
21.30
21.30
21.40
21.40
21.30
21.40
21.40
21.30
21.40
21.30
21.40
21.30
21.30
21.40
21.40
21.40
21.40
21.40
21.30
21.30
21.40
21.40
21.40
21.30
21.40
21.30
21.40
21.30
21.30
21.40
21.30
21.30
21.30
21.30
21.30
21.30
21.40
21.30
21.40
21.30
21.40
21.30
21.30
21.40
21.30
21.30
21.40
21.30
21.30
21.30
21.30
21.40
21.30
21.30
21.40
21.30
21.30
21.40
21.30
21.30
21.30
21.30
21.30
21.30
21.40
21.30
21.40
21.30
21.40
21.40
21.30
21.30
21.30
21.30
21.30
21.30
21.30
21.30
21.30
21.30
21.30
21.30
21.30
21.30
21.30
21.30
21.30
21.30
21.30
21.30
21.30
21.30
21.30
21.30
21.30
21.20
21.30
21.30
21.30
21.30
21.30
21.30
21.30
21.30
21.30
21.30
21.30
21.30
21.30
21.40
21.30
21.30
21.30
21.30
21.30
21.30
21.30
21.30
21.30
21.30
21.30
21.30
21.30
21.30
21.30
21.30
21.40
21.40
21.40
21.40
21.40
21.30
21.30
21.30
21.30
21.30
21.30
21.30
21.30
21.40
21.30
21.30
21.40
21.30
21.30
21.30
21.30
21.30
21.30
21.30
21.30
21.30
21.30
21.40
21.30
21.30
21.40
21.30
21.30
21.30
21.30
21.30
21.30
21.30
21.30
21.30
21.30
21.30
21.30
21.30
21.30
21.30
21.30
21.30
21.30
21.30
21.20
21.30
21.30
21.30
21.30
21.30
21.30
21.30
21.30
21.30
21.30
21.30
21.30
21.30
21.20
21.20
21.30
21.20
21.30
21.30
21.30
21.20
21.30
21.30
21.30
21.30
21.30
21.20
21.30
21.20
21.30
21.20
21.30
21.30
21.20
21.30
21.30
21.30
21.30
21.30
21.30
21.30
21.30
21.30
21.30
21.20
21.20
21.30
21.30
21.30
21.30
21.30
21.20
21.30
21.30
21.30
21.30
21.30
21.20
21.30
21.30
21.20
21.30
21.30
21.20
21.30
21.30
35.90
53.20
23.70
34.30
21.80
21.70
21.70
21.70
21.70
21.70
32.80
33.00
27.80
27.90
27.90
28.10
28.50
34.10
26.40
26.70
26.70
26.70
27.00
27.10
27.40
27.70
27.90
28.10
28.60
28.50
28.50
28.60
28.80
28.90
28.80
29.10
29.30
35.30
35.10
27.60
27.40
27.40
27.50
27.40
27.70
27.50
27.50
27.50
27.50
27.90
27.60
27.60
27.90
27.70
27.80
28.30
28.60
28.30
28.60
37.20
28.90
36.60
26.60
26.80
27.10
27.00
26.90
27.20
27.40
27.70
27.80
27.80
27.80
28.00
28.10
28.20
28.30
28.20
28.30
29.00
29.00
29.20
29.60
29.40
29.10
29.20
29.20
29.10
28.80
28.80
29.20
29.50
29.30
28.90
28.70
28.60
28.80
28.80
28.60
28.50
28.50
28.50
28.50
28.90
29.10
28.90
29.00
28.80
29.00
28.90
28.90
28.80
28.80
28.50
28.60
28.60
28.70
28.50
28.90
28.70
28.50
28.60
28.40
28.50
28.80
28.90
28.80
29.00
28.80
28.50
28.70
28.40
28.20
28.70
29.00
28.80
28.70
28.50
28.30
28.50
28.60
28.30
28.10
27.90
28.00
28.20
28.50
28.70
34.30
33.90
28.70
29.00
29.00
29.00
29.00
28.80
28.80
29.00
28.70
28.50
29.10
29.50
29.70
29.70
29.90
30.00
30.00
30.10
30.00
30.10
30.30
30.20
30.30
30.10
30.00
29.90
29.80
30.00
30.00
30.40
30.10
29.80
29.90
29.80
29.50
29.40
29.20
29.10
29.20
29.40
29.10
29.10
29.00
28.90
28.70
28.60
28.40
28.50
28.50
28.20
28.20
28.00
27.90
28.20
28.00
27.80
27.90
27.70
27.60
28.10
34.10
33.50
32.90
27.40
27.30
27.30
27.20
27.30
27.60
27.80
27.60
28.00
27.90
27.80
28.20
28.30
28.30
28.10
27.80
27.70
27.70
27.60
27.60
32.80
32.70
32.30
32.30
27.20
27.60
28.00
28.60
29.00
29.40
29.60
29.30
29.50
29.10
29.60
30.10
30.00
30.20
30.70
30.20
29.80
29.40
29.10
29.10
29.40
29.40
29.30
29.40
29.10
28.80
28.70
28.50
28.20
28.60
28.50
28.50
29.00
29.20
29.30
29.40
29.20
29.00
28.70
28.30
28.00
27.80
27.60
27.50
27.90
27.90
28.20
28.50
28.30
28.10
28.60
28.40
28.20
28.70
28.50
28.40
28.50
28.50
28.50
28.90
28.70
29.00
28.90
28.60
28.70
29.00
28.90
28.80
28.70
28.70
28.60
28.50
28.90
28.90
35.10
35.30
29.70
30.00
30.00
29.90
30.00
29.70
29.40
29.70
29.40
29.10
29.30
29.60
29.40
29.30
29.20
28.90
28.90
29.10
28.90
28.90
28.90
29.10
29.20
29.10
29.00
29.20
29.40
29.30
29.50
29.10
29.00
28.80
28.70
28.40
28.70
28.40
28.40
28.40
28.20
28.00
27.90
27.70
27.50
27.60
27.90
27.70
28.10
28.30
28.30
28.60
28.40
28.40
28.30
28.50
28.40
28.40
28.30
28.00
28.20
28.20
28.00
28.00
28.00
27.90
27.90
27.70
27.50
27.50
27.50
27.40
27.70
27.90
27.80
28.00
27.80
27.60
27.70
27.60
27.40
27.30
27.20
27.20
27.40
27.70
28.00
28.40
28.60
28.60
28.60
28.40
28.20
28.10
27.90
27.80
27.90
27.70
27.40
27.20
27.00
27.00
26.90
27.00
27.30
32.80
32.30
31.90
31.30
31.00
30.60
30.60
30.30
30.10
29.90
29.90
29.70
29.40
29.10
28.80
28.50
28.70
28.70
28.80
29.20
28.90
28.70
28.80
28.60
28.40
28.30
28.40
28.90
29.10
29.00
28.80
28.90
28.70
28.50
28.90
29.10
29.10
29.10
29.10
29.10
29.60
29.40
34.90
34.50
26.60
26.80
35.10
28.00
28.10
28.00
27.80
27.60
27.80
27.80
28.00
27.90
27.90
28.00
28.40
28.20
28.00
28.10
28.10
28.10
28.30
28.10
27.90
28.20
28.10
28.30
36.10
27.40
27.30
27.20
27.10
27.10
27.00
26.80
26.80
27.20
27.30
27.50
27.70
27.90
27.90
28.30
28.40
28.10
28.10
28.20
28.40
28.40
28.40
28.50
22.00
21.90
21.90
21.90
21.90
21.90
21.90
21.80
21.80
21.90
21.80
21.80
21.80
21.90
21.90
21.90
21.90
21.80
21.80
21.80
21.80
21.80
21.80
21.80
21.80
21.80
21.80
21.80
21.80
21.80
21.80
21.70
21.80
21.80
21.70
21.70
21.80
21.80
21.70
21.70
21.70
21.80
21.80
21.80
21.70
21.70
21.70
21.60
21.60
21.60
21.60
21.60
21.60
21.60
21.50
21.50
21.50
21.50
21.50
21.50
21.50
21.50
21.60
21.50
21.50
21.50
21.50
21.50
21.50
21.50
21.40
21.40
21.40
21.40
21.40
21.40
21.50
21.40
21.50
21.40
21.40
21.40
21.40
21.40
21.40
21.40
21.40
21.40
21.40
21.40
21.40
21.40
21.40
21.40
21.40
21.30
21.40
21.40
21.40
21.40
21.40
21.40
21.40
21.40
21.30
21.30
21.40
21.30
21.30
21.40
21.30
21.40
21.40
21.30
21.40
21.40
21.40
21.40
21.40
21.40
21.40
21.40
21.40
21.40
21.40
21.40
21.40
21.40
21.30
21.30
21.30
21.40
21.40
21.40
21.30
21.30
21.40
21.30
21.30
21.40
21.30
21.30
21.40
21.30
21.30
21.30
21.40
21.30
21.30
21.40
21.30
21.40
21.30
21.40
21.40
21.30
21.30
21.30
21.40
21.30
21.40
21.30
21.30
21.40
21.40
21.30
21.40
21.30
21.40
21.30
21.30
21.30
21.30
21.40
21.30
21.40
21.30
21.40
21.30
21.30
21.30
21.40
21.50
21.50
21.40
21.40
21.40
21.40
21.40
21.40
21.40
21.40
21.30
21.40
21.40
21.30
21.40
21.40
21.30
21.40
21.40
21.40
21.40
21.30
21.30
21.40
21.40
21.30
21.40
21.30
21.40
21.30
21.30
21.40
21.40
21.40
21.30
21.30
21.30
21.30
21.40
21.40
21.30
21.30
21.40
21.30
21.30
21.40
21.40
21.40
21.30
21.30
21.40
21.30
21.30
21.40
21.40
21.30
21.30
21.40
21.40
21.40
21.40
21.30
21.40
21.40
21.30
21.40
21.30
21.30
21.40
21.40
21.30
21.40
21.30
21.30
21.40
21.30
21.30
21.30
21.40
21.30
21.30
21.30
21.30
21.40
21.50
21.70
21.80
21.80
21.80
21.80
21.80
21.80
21.80
21.80
21.70
21.80
21.70
21.80
21.80
21.70
21.60
21.60
21.60
21.50
21.50
21.50
21.50
21.50
21.40
21.40
21.40
21.40
21.40
21.40
21.40
21.40
21.40
21.60
21.70
21.70
21.70
21.60
21.60
21.60
21.50
21.50
21.50
21.50
21.50
21.40
21.40
21.40
21.40
21.40
21.40
21.40
21.40
21.30
21.40
21.40
21.30
21.40
21.40
21.30
21.40
21.40
21.40
21.40
21.40
21.30
21.40
21.30
21.40
21.30
21.30
21.30
21.40
21.40
21.30
39.90
50.70
29.70
35.50
21.80
21.70
21.70
21.80
21.70
21.70
22.20
22.60
23.10
23.40
23.80
24.00
24.30
24.50
24.80
25.00
25.10
25.30
25.40
25.50
25.60
25.60
25.70
25.80
25.90
25.90
26.00
26.00
26.00
26.00
25.90
26.00
26.00
26.00
26.00
26.00
26.00
26.00
26.10
26.10
26.10
26.10
26.10
26.10
26.10
26.20
26.10
26.40
26.30
26.30
26.30
26.20
26.20
26.20
26.20
26.20
26.20
26.20
26.10
26.00
26.00
25.90
25.80
25.70
25.70
25.80
25.80
25.70
25.70
25.80
25.90
25.90
25.80
25.80
25.80
25.70
25.70
25.70
25.60
25.60
25.80
25.80
25.80
25.90
26.00
26.00
26.00
26.00
26.00
26.10
26.00
25.90
25.80
25.80
25.70
25.80
25.70
25.70
25.70
25.70
25.70
25.80
25.80
25.80
25.90
26.10
26.10
26.10
26.10
26.10
26.20
26.30
26.50
26.60
26.60
26.60
26.70
26.70
26.70
26.70
26.60
26.50
26.50
26.50
26.40
26.50
26.40
26.40
26.40
26.40
26.40
26.40
26.30
26.30
26.30
26.30
26.30
26.30
26.30
26.40
26.40
26.50
26.40
26.40
26.40
26.40
26.40
26.40
26.40
26.40
26.70
26.70
26.70
26.70
26.60
26.70
26.70
26.60
26.50
26.60
26.50
26.50
26.40
26.30
26.20
26.20
26.10
26.00
26.10
26.10
26.00
26.10
26.10
26.10
26.10
26.00
25.90
25.80
25.80
25.70
25.70
25.70
25.60
25.60
25.60
25.50
25.70
25.80
25.70
25.70
25.70
25.60
25.70
25.70
25.60
25.60
25.60
25.60
25.60
25.60
25.60
25.60
25.60
25.60
25.70
25.60
25.60
25.70
25.60
25.60
25.70
25.70
25.70
25.70
25.70
25.70
25.70
25.60
25.70
25.70
25.80
25.90
26.00
26.10
26.10
26.20
26.20
26.20
26.20
26.20
26.20
26.20
26.20
26.20
26.20
26.20
26.10
26.10
26.10
26.10
26.20
26.10
26.10
26.20
26.10
26.10
26.10
26.10
26.10
26.00
26.10
26.10
26.10
26.10
26.10
26.10
26.10
26.10
26.40
26.30
26.30
26.30
26.30
26.30
26.30
26.30
26.30
26.30
26.30
26.30
26.30
26.30
26.30
26.50
26.50
26.40
26.50
26.40
26.40
26.50
26.40
26.40
26.40
26.40
26.30
26.30
26.30
26.30
26.30
26.30
26.30
26.20
26.20
26.30
26.70
26.70
26.60
26.70
26.60
26.60
26.60
26.50
26.40
26.40
26.40
26.30
26.30
26.30
26.30
26.20
26.20
26.20
26.20
26.20
26.20
26.20
26.20
26.20
26.20
26.20
26.20
26.20
26.20
26.20
26.20
26.10
26.10
26.10
26.00
25.90
25.90
25.90
25.90
25.80
25.70
25.70
25.70
25.60
25.60
25.60
25.70
25.90
25.90
26.00
26.10
26.00
26.10
26.10
26.10
26.10
26.10
26.10
26.20
26.20
26.30
26.40
26.40
26.40
26.40
26.50
26.50
26.60
26.50
26.50
26.50
26.40
26.40
26.40
26.40
26.30
26.30
26.30
26.20
26.20
26.20
26.20
26.30
26.20
26.20
26.20
26.20
26.20
26.20
26.20
26.20
26.40
26.40
26.30
26.40
26.30
26.30
26.30
26.30
26.30
26.20
26.20
26.30
26.20
26.20
26.20
26.40
26.30
26.30
26.40
26.30
26.50
26.50
26.40
26.40
26.40
26.30
26.30
26.30
26.30
26.30
26.30
26.20
26.10
26.10
26.00
26.00
26.10
26.10
26.20
26.40
26.40
26.30
26.30
26.30
26.30
26.30
26.30
26.70
26.70
26.70
26.70
26.60
26.50
26.50
26.50
26.40
26.40
26.40
26.40
26.40
26.30
26.30
26.30
26.30
26.20
26.20
26.20
26.30
26.20
26.20
26.20
26.20
26.20
26.20
26.20
26.20
26.20
26.20
26.20
26.20
26.20
26.20
26.20
26.20
26.20
26.10
26.20
26.20
26.10
26.10
26.20
26.10
26.10
26.20
26.20
26.10
26.10
26.20
26.20
26.20
26.30
26.20
26.20
26.20
26.20
26.20
26.40
26.40
26.30
26.40
26.40
26.30
26.30
26.30
26.30
26.30
26.20
26.30
26.50
26.50
26.40
26.00
25.50
25.00
24.60
24.20
23.90
23.70
23.40
23.20
23.10
22.90
22.70
22.60
22.80
23.30
23.40
23.50
23.30
23.20
23.10
22.90
22.80
22.80
22.70
22.60
22.50
22.50
22.40
22.40
22.30
22.20
22.10
22.10
22.00
22.00
21.90
21.90
21.90
21.80
21.80
21.80
22.00
22.00
22.40
22.30
22.20
22.10
22.00
22.00
21.90
21.80
21.80
21.70
21.70
21.70
21.60
21.60
21.60
21.50
21.50
21.50
21.50
21.50
21.50
21.50
21.50
21.50
21.40
21.40
21.50
21.50
21.40
21.40
21.40
21.50
21.50
21.40
21.40
21.50
21.50
21.50
21.50
21.50
21.40
21.50
21.40
21.40
21.40
21.40
21.40
21.40
21.50
21.50
21.50
21.50
21.50
21.50
21.40
21.50
21.50
21.40
21.40
21.40
21.40
21.40
21.40
21.40
21.40
21.40
21.40
21.40
21.40
21.40
21.40
21.40
21.40
21.40
21.40
21.40
21.40
21.40
21.40
21.40
21.40
21.40
21.40
21.40
21.40
21.40
21.40
21.40
21.40
21.40
21.40
21.40
21.40
21.40
21.40
21.40
21.40
21.40
21.40
21.40
21.40
21.40
21.40
21.40
21.40
21.40
21.40
21.40
21.40
21.40
21.40
21.40
21.40
21.40
21.40
21.40
21.30
21.40
21.40
21.40
21.40
21.40
21.40
21.40
21.40
21.30
21.30
21.40
21.30
21.30
21.40
21.30
21.40
21.30
21.40
21.40
21.30
21.30
21.40
21.40
21.40
21.40
21.40
21.40
21.40
21.30
21.30
21.40
21.40
21.40
21.40
21.40
21.40
21.40
21.40
21.30
21.30
21.40
21.30
21.40
21.40
21.40
21.40
21.40
21.30
21.40
21.30
21.30
21.40
21.30
21.30
21.40
21.30
21.30
21.40
21.40
21.30
21.30
21.40
21.30
21.40
21.30
21.40
21.40
21.30
21.40
21.40
21.30
21.40
21.30
21.30
21.30
21.30
21.40
21.30
21.40
21.30
21.40
21.40
21.30
21.30
21.40
21.30
21.30
21.30
21.30
21.30
21.40
21.30
21.30
21.30
21.40
21.30
21.30
21.40
21.30
21.40
21.40
21.30
21.40
21.40
21.30
21.30
21.30
21.30
21.30
21.30
21.30
21.30
21.30
21.30
21.40
21.30
21.30
21.30
21.30
21.30
21.30
21.30
21.30
21.30
21.30
21.30
21.30
21.30
21.30
21.30
21.30
21.30
21.30
21.30
21.30
21.30
21.30
21.30
21.30
21.30
21.30
21.30
21.30
21.30
21.30
21.30
21.30
21.30
21.30
21.30
21.30
21.30
21.30
21.30
21.30
21.30
21.30
21.30
21.30
21.30
21.30
21.30
21.30
21.30
21.30
21.30
21.30
21.30
21.30
21.30
21.30
21.30
21.30
21.30
21.30
21.30
21.30
21.30
21.30
21.30
21.30
21.90
54.20
30.90
31.40
21.80
21.70
21.70
21.90
21.90
21.90
22.40
36.40
30.50
30.50
30.30
30.60
30.50
30.30
30.60
30.60
30.40
30.70
31.10
31.70
41.60
41.00
29.30
29.30
29.30
29.40
29.50
30.00
30.00
30.20
30.00
30.00
37.80
29.50
29.40
34.50
28.40
28.50
41.10
40.50
31.20
41.80
41.30
34.90
34.80
29.10
29.10
36.60
35.90
35.40
35.30
34.90
29.70
29.70
29.70
29.80
30.20
30.10
30.10
38.80
29.50
30.00
44.90
38.20
31.60
37.20
31.40
31.30
31.50
40.10
39.80
39.80
30.90
36.10
35.50
29.50
29.60
29.60
29.50
29.50
29.60
29.60
29.60
30.00
30.20
30.40
30.80
30.70
30.50
30.70
30.50
30.30
30.40
30.50
30.50
30.90
30.60
30.70
31.10
30.90
30.90
31.30
31.50
31.20
31.60
31.60
31.70
32.10
31.90
31.60
31.60
31.30
31.10
31.40
31.30
31.10
31.10
30.80
30.80
36.10
35.40
35.80
35.90
35.80
29.90
30.20
30.10
30.20
36.60
36.40
30.90
31.20
31.40
31.20
31.10
31.00
31.10
36.40
36.10
29.30
29.30
29.50
35.30
35.60
35.50
34.80
34.30
33.70
33.50
33.40
33.20
33.20
33.60
33.30
33.10
33.00
32.80
32.40
32.00
31.60
31.20
31.40
31.60
31.40
45.10
45.30
34.10
33.80
34.30
33.70
33.60
33.50
33.40
33.60
33.50
33.20
32.90
32.50
32.20
32.00
31.70
31.30
31.20
31.00
30.80
30.80
35.90
42.60
36.10
30.30
30.10
30.10
35.50
35.00
35.10
34.90
34.50
34.00
34.50
33.90
33.30
33.30
32.90
32.60
32.70
32.40
32.10
37.60
37.10
37.00
36.90
31.20
31.50
31.90
32.20
32.50
37.80
37.20
29.50
29.90
29.90
29.90
30.30
30.20
30.10
35.70
30.30
30.10
39.50
32.80
32.60
32.50
32.20
31.90
31.70
31.50
31.50
31.80
31.70
31.60
31.60
31.40
31.10
31.30
31.00
30.90
31.00
30.80
30.80
30.80
30.60
31.20
44.50
30.30
30.50
31.10
30.90
30.70
31.00
31.10
37.80
37.30
30.30
30.30
30.60
30.50
30.40
30.80
30.80
30.70
35.90
36.00
41.10
40.90
32.00
31.90
38.20
38.00
30.70
40.90
34.70
35.30
43.20
42.70
32.80
42.80
31.80
31.60
31.90
31.70
31.60
31.70
31.40
31.30
31.40
31.30
31.20
31.00
30.80
30.80
30.70
36.60
31.40
31.50
31.30
31.50
32.10
32.30
32.50
32.60
32.20
31.90
32.00
31.80
31.50
31.60
31.30
31.10
31.20
31.10
30.90
30.80
30.60
30.50
30.60
43.40
44.00
43.80
36.10
35.70
35.30
30.10
30.20
35.70
35.20
28.90
36.10
35.50
46.50
34.10
33.80
42.20
41.70
31.60
31.30
31.40
31.70
31.80
38.20
37.80
37.40
37.00
36.60
29.90
39.30
29.70
29.90
30.30
30.20
30.10
30.20
30.10
30.10
30.40
30.30
30.20
30.70
30.40
30.20
30.50
30.50
31.00
31.10
31.50
31.40
38.40
29.30
29.20
29.60
29.60
29.70
30.00
30.10
30.00
30.40
30.30
30.20
30.40
30.30
30.20
36.80
37.30
31.40
39.50
39.30
39.70
39.40
30.10
30.10
30.40
30.30
30.50
30.90
30.90
30.80
36.40
44.90
45.20
45.40
45.60
31.60
37.80
31.40
31.30
31.80
37.00
36.40
36.50
30.50
30.40
30.60
30.80
30.60
31.10
37.80
30.30
30.70
37.00
29.10
29.60
46.10
29.50
29.50
29.50
29.50
29.90
36.80
36.30
36.10
35.60
35.10
34.70
29.50
29.50
29.80
29.80
29.70
29.80
29.70
29.70
29.80
29.80
29.90
30.20
30.50
30.50
30.60
46.80
46.80
47.00
37.40
30.90
31.30
31.20
31.00
30.90
30.80
31.00
31.00
31.00
31.00
30.80
45.70
45.60
31.20
46.50
29.50
29.50
35.30
34.90
34.60
34.10
34.10
34.60
34.80
34.90
34.50
34.60
34.00
33.60
33.50
33.00
32.70
32.60
32.20
31.90
32.00
31.70
31.50
31.90
31.50
32.10
32.10
32.30
38.00
37.40
27.40
22.00
22.00
22.00
22.00
22.00
22.00
22.00
22.00
22.00
22.00
22.10
22.00
22.00
22.00
22.00
22.00
22.00
22.00
22.00
22.00
22.00
22.00
22.00
22.00
22.00
22.00
22.00
22.00
22.00
22.00
21.90
22.00
22.00
22.00
22.00
22.00
21.90
21.90
21.90
21.90
22.10
22.30
22.20
22.10
22.10
22.00
22.00
21.90
21.90
21.90
21.90
21.80
21.80
21.90
21.80
21.80
21.80
21.70
21.80
21.70
21.70
21.70
21.70
21.70
21.70
21.70
21.70
21.70
21.70
21.60
21.70
21.70
21.60
21.70
21.60
21.60
21.60
21.60
21.60
21.70
21.60
21.60
21.60
21.60
21.60
21.60
21.60
21.60
21.60
21.60
21.60
21.70
21.70
21.70
21.70
21.60
21.60
21.60
21.60
21.60
21.60
21.60
21.50
21.60
21.60
21.60
21.60
21.60
21.60
21.60
21.50
21.50
21.50
21.50
21.50
21.50
21.50
21.50
21.60
21.50
21.50
21.50
21.50
21.50
21.50
21.50
21.50
21.50
21.50
21.50
21.50
21.50
21.50
21.50
21.40
21.40
21.40
21.40
21.40
21.50
21.50
21.40
21.50
21.50
21.40
21.50
21.50
21.40
21.40
21.40
21.40
21.40
21.50
21.50
21.50
21.50
21.40
21.40
21.50
21.50
21.40
21.50
21.50
21.40
21.40
21.40
21.40
21.40
21.40
21.40
21.40
21.40
21.40
21.40
21.40
21.40
21.50
21.40
21.40
21.50
21.40
21.40
21.40
21.40
21.40
21.40
21.40
21.40
21.50
21.40
21.50
21.50
21.50
21.40
21.50
21.50
21.40
21.40
21.40
21.40
21.40
21.40
21.40
21.40
21.40
21.40
21.40
21.40
21.40
21.40
21.40
21.40
21.50
21.40
21.40
21.50
21.40
21.40
21.40
21.40
21.40
21.40
21.40
21.40
21.50
21.40
21.40
21.50
21.40
21.40
21.40
21.40
21.40
21.40
21.40
21.40
21.40
21.40
21.40
21.40
21.40
21.40
21.40
21.40
21.40
21.40
21.40
21.50
21.50
21.40
21.40
21.50
21.40
21.40
21.50
21.40
21.40
21.40
21.40
21.40
21.40
21.40
21.40
21.40
21.40
21.40
21.40
21.40
21.40
21.40
21.40
21.40
21.40
21.40
21.40
21.40
21.40
21.40
21.40
21.40
21.40
21.40
21.40
21.40
21.50
21.40
21.40
21.40
21.40
21.40
21.40
21.40
21.40
21.40
21.40
21.40
21.40
21.40
21.40
21.40
