0.00
0.00
0.00
0.00
0.00
0.00
0.00
0.00
0.00
0.00
0.00
0.00
0.00
0.00
0.00
0.00
0.00
0.00
0.00
0.00
0.00
0.00
0.00
0.00
0.00
0.00
0.00
0.00
0.00
0.00
0.00
0.00
0.00
0.00
0.00
0.00
0.00
0.00
0.00
0.00
26.40
26.20
25.90
25.60
25.40
25.10
26.40
26.20
25.90
25.60
25.40
25.10
24.80
24.50
24.40
24.80
24.50
24.40
26.40
26.20
25.90
25.60
25.40
25.10
24.80
24.50
24.40
26.40
26.20
25.90
25.60
25.40
25.10
24.80
24.50
24.40
26.40
26.20
25.90
25.60
25.40
25.10
24.80
24.50
24.40
24.40
24.20
24.10
23.90
23.80
23.90
24.30
24.10
23.90
23.70
23.60
24.20
24.00
23.80
23.60
23.40
23.30
23.10
23.00
22.90
22.80
22.70
22.70
22.60
22.50
22.50
22.40
22.40
22.30
22.30
22.20
22.20
22.20
22.20
22.10
22.10
22.10
22.10
22.00
22.00
22.00
22.00
22.00
22.00
22.00
21.90
22.00
22.00
22.00
22.00
22.10
22.00
22.00
22.00
22.00
22.00
21.90
22.00
21.90
21.90
22.00
22.00
21.90
22.40
22.60
22.70
23.00
23.10
23.10
23.30
23.30
23.40
23.50
23.50
23.60
23.60
23.70
23.70
23.70
23.70
23.70
23.70
23.70
23.70
23.80
23.70
23.80
23.80
23.80
23.80
23.80
23.80
23.80
23.80
23.80
23.90
23.80
23.80
23.80
23.90
23.90
23.90
23.90
23.90
23.80
23.90
23.90
23.80
23.80
23.80
23.80
23.80
23.80
23.80
23.80
23.70
23.80
23.80
23.80
23.70
23.70
23.70
23.70
23.70
23.70
23.80
23.80
23.80
23.80
23.80
23.80
23.80
23.80
23.70
23.70
23.70
23.70
23.70
23.80
23.80
23.70
23.80
23.70
23.70
23.80
23.70
23.70
23.70
23.70
23.70
23.70
23.70
23.70
23.70
23.60
23.70
23.70
23.60
23.70
23.70
23.70
23.70
23.70
23.70
23.70
23.70
23.70
23.70
23.70
23.70
23.70
23.60
23.70
23.70
23.60
23.60
23.60
23.60
23.70
23.60
23.60
23.70
23.70
23.60
23.70
23.70
23.70
23.70
23.60
23.60
23.70
23.60
23.70
23.60
23.60
23.60
23.70
23.60
23.60
23.60
23.60
23.60
23.60
23.60
23.60
23.60
23.60
23.60
23.60
23.60
23.60
23.60
23.60
23.60
23.60
23.60
23.60
23.60
23.60
23.60
23.60
23.60
23.60
23.60
23.60
23.60
23.60
23.60
23.50
23.60
23.60
23.50
23.60
23.60
23.60
23.60
23.50
23.50
23.60
23.60
23.60
23.60
23.50
23.50
23.60
23.60
23.60
23.60
23.60
23.50
23.60
23.60
23.60
23.60
23.50
23.60
23.60
23.60
23.60
23.60
23.60
23.50
23.60
23.60
23.60
23.60
23.60
23.60
23.50
23.50
23.50
23.50
23.50
23.50
23.60
23.50
23.50
23.50
26.40
26.20
25.90
25.60
25.40
25.10
24.80
24.50
24.40
23.50
23.50
23.50
23.50
23.50
23.50
23.50
23.60
23.60
23.60
23.60
23.50
23.60
23.60
23.60
23.60
23.50
23.50
23.50
23.50
23.50
23.50
23.50
23.50
23.50
23.50
23.60
23.60
23.60
23.60
23.50
23.50
23.60
23.50
23.50
23.50
23.50
23.60
23.60
23.60
23.60
23.50
23.50
23.50
23.50
23.50
23.50
23.50
23.50
23.50
23.50
23.60
23.50
23.50
23.50
23.50
23.50
23.50
23.50
23.50
23.50
23.60
23.60
23.50
23.50
23.50
23.60
23.60
23.50
23.60
23.50
23.50
23.50
23.50
23.50
23.50
23.50
23.50
23.60
23.60
23.60
23.60
23.60
23.50
23.50
23.50
23.50
23.50
23.50
23.50
23.50
23.50
23.50
23.50
23.50
23.50
23.50
23.50
23.50
23.50
23.50
23.50
23.50
23.40
23.40
23.40
23.50
23.50
23.50
23.50
23.40
23.50
23.50
23.50
23.50
23.40
23.50
23.50
23.50
23.50
23.50
23.50
23.50
23.50
23.50
23.60
23.60
23.60
23.60
23.60
23.50
23.60
23.70
23.70
23.60
23.60
23.60
23.60
23.60
23.60
23.50
23.60
23.50
23.50
23.50
23.50
23.50
23.50
23.50
23.50
23.50
23.40
23.40
23.50
23.50
23.50
23.50
23.50
23.40
23.40
23.40
23.40
23.40
23.50
23.40
23.50
23.40
23.40
23.50
23.40
23.40
23.50
23.40
23.50
23.50
23.40
23.50
23.50
23.50
23.50
23.50
23.60
23.60
23.60
23.50
23.50
23.50
23.50
23.40
23.50
23.50
23.50
23.50
23.50
23.40
23.50
23.50
23.40
23.50
23.40
23.40
23.50
23.50
23.40
23.40
23.40
23.40
23.40
23.50
23.50
23.40
23.40
23.40
23.40
23.40
23.40
23.40
23.40
23.50
23.40
23.40
23.40
23.40
23.40
23.40
23.40
23.40
23.40
23.40
23.40
23.40
23.40
23.40
23.40
23.40
23.50
23.50
23.40
23.50
23.50
23.50
23.40
23.50
23.60
23.50
23.50
23.60
23.60
23.50
23.50
23.50
23.50
23.50
23.50
23.50
23.40
23.40
23.40
23.50
23.50
23.50
23.50
23.50
23.50
23.50
23.40
23.50
23.40
23.50
23.40
23.50
23.50
23.50
23.50
23.50
23.50
23.40
23.50
23.40
23.40
23.50
23.40
23.40
23.40
23.40
23.20
23.00
22.80
22.60
22.50
22.40
22.20
22.20
22.10
22.00
21.90
21.90
21.80
21.80
21.70
21.70
21.60
21.60
21.60
21.60
21.50
21.50
21.50
21.50
21.50
21.50
21.40
21.40
21.40
21.40
21.40
21.40
21.40
21.40
21.40
21.40
21.60
21.80
21.80
21.80
21.80
21.80
21.70
21.80
21.80
21.80
21.80
21.70
21.80
21.80
21.70
21.70
21.60
21.60
21.60
21.60
21.50
21.50
21.50
21.50
21.40
21.50
21.40
21.40
21.40
21.40
21.40
21.40
21.40
21.40
21.40
21.40
21.40
21.40
21.40
21.40
21.40
21.40
21.40
21.40
21.40
21.40
21.40
21.40
21.40
21.40
21.40
21.40
21.40
21.40
21.40
21.40
21.40
21.40
21.40
21.40
21.40
21.40
21.40
21.40
21.40
21.40
21.40
21.30
21.30
21.40
21.40
21.40
21.40
21.40
21.40
21.40
21.40
21.40
21.40
21.40
21.40
21.50
21.40
21.40
21.40
21.40
21.40
21.40
21.40
21.40
21.40
21.40
21.40
21.30
21.40
21.40
21.40
21.40
21.40
21.30
21.30
21.30
21.30
21.30
21.40
21.40
21.40
21.40
21.40
21.30
21.40
21.40
21.40
21.40
21.40
21.40
21.40
21.40
21.40
21.40
21.40
21.30
21.40
21.30
21.40
21.40
21.30
21.30
21.40
21.30
21.30
21.40
21.40
21.30
21.30
21.30
21.30
21.40
21.30
21.40
21.40
21.30
21.40
21.40
21.40
21.40
21.40
21.30
21.30
21.40
21.30
21.30
21.40
21.30
21.30
21.30
21.30
21.30
21.30
21.30
21.30
21.30
21.30
21.40
21.40
21.30
21.30
21.40
21.40
21.30
21.40
21.30
21.30
21.30
21.40
21.30
21.40
21.30
21.30
21.30
21.40
21.30
21.30
21.30
21.30
21.30
21.40
21.40
21.40
21.40
21.30
21.40
21.40
21.40
21.40
21.40
21.40
21.40
21.40
21.40
21.40
21.40
21.40
21.40
21.40
21.40
21.30
21.30
21.40
21.30
21.30
21.30
21.30
21.40
21.30
21.20
21.20
21.20
21.10
21.20
21.10
21.10
21.10
21.00
21.10
21.10
21.10
21.10
21.10
21.10
21.00
21.00
21.00
21.00
21.00
21.00
21.10
21.10
21.00
21.00
21.10
21.10
21.00
21.00
21.00
21.00
21.00
21.00
21.00
21.00
21.00
21.00
21.00
21.00
21.00
21.00
21.00
21.00
21.10
21.10
21.10
21.10
21.10
21.10
28.70
28.10
27.50
27.10
26.70
26.30
26.00
25.80
25.50
25.30
25.10
25.00
24.80
24.70
24.60
24.50
24.40
24.30
24.30
24.20
24.20
24.20
24.10
24.10
24.10
24.10
24.00
24.10
24.10
24.00
24.00
24.00
24.00
24.00
24.00
24.00
24.00
24.00
24.00
24.00
24.00
24.00
24.00
24.00
24.00
24.00
23.90
24.00
24.00
23.90
23.90
23.90
24.20
24.10
24.20
24.10
24.10
24.20
24.30
24.30
24.30
24.30
24.30
24.30
24.40
24.40
24.40
24.40
24.40
24.40
24.40
24.40
24.40
24.40
24.40
24.40
24.40
24.40
24.30
24.40
24.40
24.40
24.30
24.30
24.30
24.30
24.30
24.30
24.40
24.40
24.40
24.40
24.40
24.40
24.40
24.40
24.40
24.50
24.50
24.50
24.50
24.50
24.50
24.50
24.40
24.40
24.40
24.30
24.20
24.30
24.20
24.10
24.20
24.20
24.00
24.00
24.00
24.00
24.00
24.10
24.10
24.10
24.10
24.10
24.20
24.20
24.20
24.20
24.20
24.20
24.30
24.30
24.30
24.30
24.30
24.30
24.40
24.40
24.40
24.40
24.40
24.40
24.40
24.40
24.40
24.40
24.40
24.30
24.40
24.40
24.40
24.40
24.40
24.30
24.40
24.40
24.40
24.40
24.30
24.30
24.30
24.40
24.40
24.40
24.40
24.30
24.40
24.30
24.30
24.40
24.30
24.30
24.30
24.30
24.30
24.30
24.30
24.30
24.30
24.30
24.30
24.40
24.40
24.30
24.30
24.30
24.30
24.30
24.30
24.30
24.30
24.30
24.30
24.30
24.30
24.30
24.30
24.30
24.30
24.30
24.30
24.30
24.30
24.30
24.30
24.30
24.30
24.30
24.30
24.30
24.30
24.30
24.40
24.40
24.40
24.30
24.30
24.40
24.30
24.30
24.30
24.30
24.30
24.30
24.40
24.40
24.40
24.40
24.40
24.40
24.30
24.30
24.40
24.30
24.30
24.40
24.30
24.30
24.30
24.40
24.40
24.40
24.40
24.40
24.40
24.40
24.40
24.40
24.40
24.40
24.40
24.40
24.40
24.30
24.30
24.30
24.30
24.30
24.30
24.30
24.30
24.30
24.30
24.30
24.20
24.30
24.30
24.20
24.20
24.30
24.30
24.30
24.30
24.30
24.30
24.30
24.30
24.30
24.30
24.30
24.30
24.30
24.30
24.30
24.30
24.30
24.30
24.30
24.30
24.30
24.30
24.30
24.30
24.30
24.20
24.20
24.30
24.30
24.30
24.30
24.30
24.30
24.30
24.30
24.30
24.30
24.30
24.30
24.30
24.30
24.30
24.40
24.40
24.40
24.40
24.40
24.30
24.40
24.30
24.30
24.40
24.40
24.40
24.40
24.40
24.30
24.30
24.30
24.30
24.30
24.30
24.30
24.30
24.30
24.30
24.30
24.50
24.80
24.80
24.80
24.80
24.80
24.80
24.70
24.80
24.80
24.70
24.80
24.70
24.80
24.70
24.60
24.60
24.60
24.60
24.50
24.50
24.50
24.50
24.50
24.40
24.40
24.40
24.40
24.40
24.40
24.30
24.30
24.30
24.30
24.20
24.30
24.30
24.30
24.30
24.30
24.30
24.30
24.30
24.30
24.30
24.30
24.30
24.30
24.30
24.30
24.30
24.30
24.30
24.30
24.30
24.30
24.40
24.40
24.30
24.30
24.30
24.20
24.10
24.00
24.00
23.90
23.90
23.80
23.80
23.80
23.80
23.70
23.70
23.70
23.70
23.70
23.70
23.70
23.70
23.70
23.70
23.70
23.60
23.60
23.60
23.70
23.60
23.60
23.60
23.60
23.60
23.60
23.60
23.60
23.60
23.60
23.60
23.60
23.50
23.60
23.70
23.70
23.80
23.90
23.90
24.00
24.00
24.00
24.00
24.00
24.10
24.10
24.20
24.30
24.30
24.30
24.30
24.30
24.30
24.30
24.30
24.30
24.30
24.30
24.30
24.30
24.40
24.40
24.40
24.40
24.40
24.30
24.30
24.30
24.30
24.30
24.40
24.30
24.30
24.30
24.30
24.30
24.30
24.20
24.30
24.30
24.20
24.30
24.20
24.20
24.20
24.20
24.20
24.20
24.30
24.30
24.20
24.20
24.20
24.20
24.20
24.20
24.30
24.20
24.20
23.80
23.50
23.30
23.00
22.80
22.70
22.50
22.40
22.30
22.20
22.10
22.00
21.90
21.90
21.80
21.70
21.70
21.60
21.60
21.60
21.60
21.60
21.50
21.60
21.50
21.50
21.50
21.50
21.50
21.40
21.50
21.50
21.40
21.50
21.40
21.40
21.40
21.40
21.40
21.40
21.40
21.40
21.40
21.40
21.40
21.40
21.40
21.40
21.40
21.40
21.40
21.40
21.40
21.40
21.40
21.40
21.30
21.30
21.40
21.40
21.40
21.40
21.40
21.40
21.40
21.30
21.30
21.40
21.30
21.30
21.40
21.40
21.40
21.40
21.40
21.30
21.30
21.40
21.40
21.30
21.30
21.30
21.30
21.40
21.40
21.40
21.30
21.40
21.40
21.40
21.40
21.40
21.40
21.40
21.40
21.30
21.40
21.40
21.30
21.30
21.40
21.40
21.30
21.30
21.40
21.30
21.40
21.40
21.30
21.40
21.40
21.40
21.40
21.40
21.40
21.40
21.40
21.40
21.40
21.40
21.40
21.40
21.40
21.40
21.40
21.40
21.30
21.30
21.40
21.30
21.40
21.30
21.40
21.40
21.40
21.40
21.40
21.30
21.30
21.40
21.40
21.40
21.40
21.30
21.30
21.40
21.30
21.30
21.40
21.30
21.30
21.30
21.30
21.30
21.30
21.40
21.30
21.30
21.30
21.30
21.40
21.30
21.30
21.30
21.30
21.30
21.30
21.30
21.30
21.30
21.30
21.30
21.30
21.40
21.30
21.30
21.30
21.30
21.30
21.30
21.30
21.30
21.30
21.30
21.30
21.30
21.30
21.30
21.40
21.30
21.40
21.40
21.30
21.40
21.30
21.30
21.40
21.30
21.30
21.30
21.30
21.30
21.30
21.30
21.30
21.30
21.30
21.30
21.30
21.30
21.30
21.30
21.30
21.30
21.30
21.30
21.30
21.30
21.30
21.30
21.30
21.30
21.30
21.30
21.30
21.30
21.20
21.20
21.30
21.30
21.30
21.30
21.30
21.30
21.30
21.30
21.30
21.20
21.20
21.20
21.10
21.10
21.00
21.00
21.00
21.00
21.00
21.00
21.00
21.00
21.00
21.00
21.00
21.00
21.00
21.00
21.00
21.00
21.00
21.00
21.00
21.00
21.00
21.00
20.90
20.90
21.00
21.00
21.00
21.00
21.00
21.00
21.00
21.00
21.00
21.00
21.00
21.00
21.10
21.00
21.00
21.10
21.10
21.00
21.00
21.00
21.10
21.10
21.00
21.00
21.10
21.10
21.00
21.00
21.00
21.00
21.00
21.00
21.10
29.10
28.60
28.10
27.70
27.30
27.00
26.80
26.60
26.50
26.30
26.20
26.10
26.00
25.90
25.80
25.80
25.70
25.60
25.70
25.70
25.60
25.50
25.50
25.40
25.60
25.50
25.50
25.50
25.50
25.40
25.40
25.30
25.30
25.40
25.30
25.30
25.30
25.20
25.20
25.20
25.20
25.20
25.20
25.10
25.10
25.10
25.10
25.10
25.10
25.10
25.10
25.10
25.00
24.90
24.90
25.00
25.00
25.00
25.00
25.20
25.30
25.40
25.40
25.40
25.60
25.50
25.50
25.40
25.40
25.30
25.30
25.30
25.30
25.30
25.20
25.20
25.20
25.20
25.20
25.20
25.20
25.10
25.30
25.30
25.20
25.20
25.20
25.20
25.30
25.30
25.20
25.20
25.20
25.20
25.20
25.10
25.10
25.10
25.10
25.10
25.20
25.10
25.10
25.10
25.10
25.10
25.10
25.10
25.10
25.10
25.10
25.10
25.20
25.20
25.20
25.10
25.10
25.10
25.10
25.10
25.10
25.10
25.10
25.10
25.10
25.10
25.00
25.10
25.10
25.00
25.20
25.20
25.20
25.20
25.10
25.20
25.60
25.80
25.80
25.80
25.80
25.80
25.80
25.80
25.80
25.90
25.90
26.00
26.10
26.10
26.00
25.90
25.90
25.90
26.00
25.90
25.90
25.80
25.70
25.60
25.70
25.60
25.50
25.50
25.40
25.40
25.50
25.40
25.40
25.40
25.30
25.30
25.20
25.20
25.20
25.20
25.20
25.20
25.20
25.20
25.10
25.10
25.10
25.10
25.10
25.10
25.10
25.20
25.20
25.20
25.30
25.30
25.20
25.40
25.40
25.30
25.30
25.30
25.30
25.30
25.20
25.20
25.20
25.20
25.20
25.20
25.20
25.20
25.20
25.20
25.30
25.30
25.30
25.30
25.30
25.30
25.30
25.30
25.30
25.30
25.30
25.40
25.30
25.30
25.30
25.20
25.20
25.40
25.30
25.30
25.40
25.30
25.30
25.30
25.30
25.20
25.20
25.20
25.20
25.40
25.40
25.30
25.30
25.30
25.20
25.20
25.20
25.20
25.30
25.20
25.20
25.20
25.20
25.10
25.20
25.20
25.20
25.20
25.20
25.10
25.10
25.10
25.10
25.10
25.10
25.10
25.10
25.10
25.10
25.30
25.30
25.20
25.30
25.20
25.10
25.00
25.00
25.00
24.90
24.80
24.80
24.70
24.70
24.70
24.70
24.60
24.60
24.70
24.70
24.70
24.80
24.80
24.70
24.80
24.80
24.70
24.80
24.90
24.90
25.00
25.00
25.00
25.00
25.00
25.00
25.10
25.10
25.10
25.30
25.20
25.20
25.20
25.20
25.20
25.20
25.20
25.20
25.40
25.30
25.40
25.40
25.40
25.40
25.40
25.30
25.30
25.30
25.20
25.20
25.40
25.30
25.30
25.30
25.30
25.30
25.30
25.30
25.30
25.30
25.20
25.20
25.20
25.20
25.20
25.20
25.20
25.20
25.10
25.10
25.10
25.20
25.10
25.10
25.20
25.10
25.10
25.10
25.20
25.10
25.20
25.10
25.10
25.10
25.30
25.20
25.10
25.00
24.90
24.90
24.80
24.70
24.70
24.70
24.60
24.60
24.60
24.60
24.60
24.60
24.50
24.50
24.50
24.50
24.50
24.50
24.50
24.50
24.70
24.70
24.60
24.60
24.60
24.60
24.70
24.70
24.60
24.60
24.70
24.60
24.70
24.60
24.60
24.70
24.70
24.60
24.60
24.60
24.60
24.60
24.60
24.50
24.50
24.50
24.50
24.50
24.50
24.50
24.50
24.50
24.50
24.50
24.50
24.50
24.50
24.50
24.50
24.50
24.50
24.50
24.50
24.60
24.60
24.60
24.60
24.60
24.60
24.60
24.60
24.60
24.60
24.50
24.50
24.50
24.50
24.50
24.50
24.50
24.50
24.50
24.50
24.50
24.50
24.50
24.50
24.50
24.40
24.50
24.50
24.40
24.50
24.40
24.50
24.50
24.40
24.40
24.40
24.40
24.40
24.40
24.40
24.40
24.40
24.40
24.50
24.50
24.50
24.40
24.40
24.50
24.50
24.50
24.50
24.40
24.40
24.50
24.40
24.50
24.50
24.40
24.50
24.50
24.50
24.50
24.50
24.50
24.50
24.50
24.50
24.50
24.50
24.10
23.80
23.50
23.30
23.10
22.80
22.70
22.50
22.40
22.30
22.20
22.10
22.00
21.90
21.90
21.80
21.80
21.70
21.70
21.60
21.60
21.60
21.60
21.60
21.60
21.60
21.50
21.50
21.50
21.50
21.50
21.50
21.50
21.50
21.50
21.40
21.50
21.50
21.50
21.40
21.40
21.40
21.40
21.40
21.40
21.40
21.40
21.40
21.40
21.40
21.40
21.40
21.40
21.40
21.40
21.40
21.40
21.40
21.40
21.40
21.40
21.40
21.40
21.40
21.40
21.40
21.40
21.40
21.40
21.40
21.40
21.40
21.40
21.40
21.40
21.40
21.40
21.40
21.40
21.40
21.40
21.30
21.40
21.40
21.30
21.30
21.30
21.30
21.30
21.40
21.30
21.30
21.30
21.30
21.30
21.40
21.30
21.30
21.40
21.30
21.30
21.30
21.30
21.30
21.30
21.30
21.30
21.40
21.40
21.40
21.40
21.40
21.40
21.40
21.30
21.30
21.40
21.30
21.30
21.40
21.30
21.30
21.40
21.40
21.30
21.40
21.30
21.30
21.40
21.30
21.40
21.40
21.30
21.30
21.30
21.30
21.30
21.30
21.30
21.30
21.30
21.30
21.30
21.30
21.30
21.30
21.30
21.30
21.30
21.30
21.30
21.30
21.30
21.30
21.30
21.30
21.30
21.30
21.30
21.30
21.30
21.20
21.30
21.30
21.30
21.30
21.20
21.30
21.30
21.30
21.30
21.30
21.30
21.30
21.30
21.30
21.30
21.30
21.30
21.30
21.40
21.30
21.30
21.30
21.30
21.30
21.30
21.30
21.30
21.30
21.30
21.30
21.30
21.30
21.30
21.30
21.30
21.30
21.30
21.30
21.30
21.30
21.30
21.30
21.30
21.30
21.30
21.30
21.30
21.30
21.40
21.30
21.30
21.40
21.30
21.40
21.40
21.30
21.30
21.30
21.50
21.80
21.90
21.90
21.80
21.70
21.70
21.60
21.60
21.60
21.50
21.50
21.50
21.40
21.40
21.50
21.80
21.80
21.80
21.80
21.80
21.70
21.70
21.80
21.70
21.70
21.70
21.70
21.80
21.70
21.70
21.60
21.60
21.60
21.50
21.50
21.40
21.40
21.40
21.40
21.40
21.40
21.40
21.40
21.40
21.40
21.40
21.40
21.30
21.30
21.30
21.30
21.30
21.30
21.30
21.30
21.30
21.30
21.30
21.30
21.40
21.30
21.40
21.30
21.30
21.30
21.30
21.30
21.30
21.30
21.30
21.30
21.30
21.30
21.30
21.30
21.40
21.40
21.30
21.40
34.70
25.10
25.00
25.10
25.10
25.10
25.10
25.00
25.10
25.10
25.10
25.10
25.10
25.10
25.10
25.10
25.10
25.10
25.20
25.20
25.20
25.20
25.20
25.20
25.20
25.20
25.20
25.20
25.20
25.10
25.10
25.10
25.10
25.10
25.10
25.20
25.20
25.20
25.20
25.20
25.20
25.20
25.30
25.40
25.40
25.30
25.40
25.40
25.30
25.50
25.50
25.40
25.40
25.40
25.40
25.40
25.40
25.40
25.50
25.40
25.40
25.40
25.30
25.40
25.40
25.40
25.30
25.30
25.30
25.20
25.20
25.20
25.20
25.20
25.20
25.20
25.20
25.20
25.20
25.20
25.20
25.20
25.20
25.20
25.20
25.20
25.20
25.20
25.20
25.10
25.10
25.30
25.30
25.30
25.30
25.20
25.20
25.20
25.20
25.20
25.20
25.20
25.20
25.30
25.30
25.20
25.30
25.30
25.30
25.20
25.20
25.20
25.20
25.20
25.20
25.30
25.30
25.30
25.30
25.30
25.30
25.40
25.40
25.40
25.40
25.40
25.40
25.40
25.40
25.30
25.40
25.40
25.30
25.40
25.40
25.40
25.40
25.40
25.30
25.40
25.30
25.30
25.40
25.30
25.30
25.30
25.30
25.30
25.30
25.40
25.40
25.40
25.30
25.30
25.30
25.30
25.30
25.30
25.30
25.30
25.30
25.30
25.20
25.40
25.40
25.50
25.60
25.60
25.60
25.70
25.80
25.80
25.80
25.80
25.70
25.80
25.80
25.70
25.60
25.70
25.80
25.90
26.00
25.90
25.80
25.80
25.80
25.70
25.70
25.60
25.60
25.60
25.60
25.50
25.50
25.50
25.50
25.40
25.40
25.40
25.40
25.40
25.40
25.40
25.40
25.40
25.40
25.40
25.40
25.40
25.40
25.30
25.30
25.30
25.30
25.30
25.30
25.30
25.30
25.30
25.30
25.30
25.30
25.40
25.40
25.40
25.40
25.50
25.40
25.40
25.40
25.40
25.40
25.40
25.40
25.40
25.50
25.60
25.60
26.00
26.00
26.00
26.00
26.00
26.00
26.10
26.00
26.00
26.10
26.00
26.10
26.30
26.30
26.40
26.40
26.40
26.40
26.40
26.30
26.20
26.10
26.00
25.90
25.90
25.80
25.70
25.70
25.70
25.70
25.60
25.60
25.50
25.60
25.60
25.60
25.50
25.50
25.50
25.50
25.50
25.40
25.40
25.40
25.50
25.60
25.70
25.70
25.80
25.90
25.80
25.70
25.60
25.60
25.60
25.60
25.40
25.60
25.50
25.50
25.50
25.50
25.40
25.40
25.40
25.50
25.50
25.50
25.50
25.60
25.60
25.60
25.50
25.50
25.50
25.40
25.40
25.40
25.40
25.40
25.40
25.30
25.30
25.30
25.30
25.30
25.30
25.30
25.50
25.50
25.40
25.60
25.60
25.50
25.60
25.50
25.40
25.40
25.40
25.40
25.40
25.30
25.30
25.30
25.30
25.30
25.50
25.40
25.50
25.70
25.60
25.60
25.50
25.50
25.50
25.50
25.70
25.70
26.00
26.00
26.00
26.20
26.10
26.00
26.00
25.90
25.80
25.80
25.70
25.60
25.60
25.50
25.50
25.70
25.70
25.60
25.60
25.50
25.50
25.50
25.40
25.40
25.40
25.30
25.30
25.50
25.50
25.40
25.60
25.50
25.50
25.70
25.70
25.70
25.70
25.60
25.60
25.70
25.60
25.60
25.60
25.50
25.50
25.40
25.40
25.40
25.40
25.40
25.30
25.30
25.30
25.30
25.40
25.40
25.30
25.40
25.50
25.50
25.60
25.60
25.60
25.70
25.70
25.70
25.80
25.70
25.70
25.60
25.60
25.50
25.50
25.50
25.40
25.40
25.40
25.40
25.50
25.50
25.50
25.60
25.50
25.50
25.50
25.60
25.50
25.50
25.50
25.40
25.40
25.40
25.30
25.30
25.40
25.30
25.30
25.40
25.30
25.30
25.60
25.50
25.50
25.50
25.60
25.50
25.50
25.60
25.70
25.90
26.00
26.00
26.00
26.00
26.00
26.10
26.10
26.00
26.10
26.00
25.90
25.90
25.80
25.70
25.70
25.60
25.60
25.60
25.50
25.50
25.50
25.50
25.50
25.60
25.60
25.60
25.60
25.50
25.40
25.30
25.20
25.10
25.00
24.70
24.30
23.90
23.60
23.30
23.10
22.90
22.70
22.60
22.40
22.30
22.20
22.10
22.00
21.90
21.80
21.80
21.80
21.70
21.70
21.60
21.60
21.60
21.60
21.50
21.50
21.50
21.50
21.40
21.40
21.40
21.40
21.40
21.40
21.40
21.60
21.80
21.90
21.90
21.80
21.80
21.80
21.80
21.80
21.80
21.80
21.80
21.80
21.80
21.90
21.80
21.80
21.70
21.70
21.60
21.60
21.60
21.50
21.50
21.50
21.50
21.40
21.40
21.40
21.40
21.40
21.40
21.40
21.40
21.40
21.40
21.40
21.40
21.30
21.30
21.40
21.30
21.30
21.30
21.30
21.30
21.30
21.30
21.30
21.30
21.30
21.30
21.30
21.40
21.30
21.40
21.30
21.30
21.30
21.30
21.30
21.30
21.30
21.30
21.30
21.30
21.30
21.30
21.30
21.30
21.30
21.30
21.30
21.30
21.30
21.30
21.30
21.30
21.30
21.30
21.30
21.30
21.30
21.30
21.30
21.30
21.30
21.30
21.30
21.40
21.30
21.40
21.30
21.40
21.40
21.40
21.40
21.40
21.30
21.30
21.30
21.30
21.30
21.30
21.30
21.30
21.40
21.30
21.30
21.40
21.40
21.30
21.30
21.40
21.30
21.30
21.30
21.30
21.40
21.30
21.30
21.40
21.40
21.30
21.30
21.40
21.30
21.30
21.40
21.30
21.30
21.40
21.40
21.30
21.30
21.30
21.30
21.30
21.30
21.30
21.30
21.30
21.30
21.40
21.30
21.40
21.40
21.30
21.40
21.30
21.30
21.30
21.30
21.30
21.30
21.30
21.30
21.30
21.30
21.30
21.30
21.30
21.30
21.40
21.40
21.30
21.30
21.30
21.40
21.40
21.30
21.30
21.30
21.30
21.30
21.30
21.30
21.30
21.30
21.30
21.30
21.30
21.30
21.30
21.30
21.30
21.30
21.30
21.30
21.30
21.30
21.30
21.30
21.30
21.30
21.30
21.30
21.30
21.30
21.30
21.30
21.30
21.30
21.40
21.30
21.30
21.30
21.30
21.30
21.30
21.30
21.30
21.30
21.30
21.30
21.40
21.30
21.30
21.30
21.40
21.40
21.40
21.30
21.30
21.30
21.30
21.30
21.40
21.30
21.30
21.30
21.30
21.30
21.30
21.30
21.30
21.30
21.30
21.30
21.30
21.30
21.30
21.30
21.30
21.30
21.30
21.30
21.30
21.30
21.30
21.30
21.30
21.30
21.30
21.30
21.30
21.30
21.30
21.30
21.30
21.30
21.30
21.30
21.30
21.30
33.60
26.80
26.60
26.50
26.60
26.60
26.50
26.60
26.50
26.50
26.50
26.50
26.40
26.50
26.40
26.40
26.50
26.40
26.40
26.60
26.70
26.70
26.90
27.10
27.00
27.10
26.90
26.70
26.60
26.40
26.30
26.20
26.10
26.00
26.00
25.90
25.90
25.90
25.80
25.80
25.80
25.80
25.90
26.20
26.20
26.10
26.30
26.60
26.60
26.80
26.90
26.80
26.70
26.70
26.60
26.60
26.60
26.60
26.60
26.60
26.50
26.50
26.50
26.40
26.40
26.30
26.30
26.30
26.50
26.60
26.70
26.70
26.70
26.60
26.60
26.70
26.60
26.60
26.50
26.50
26.50
26.50
26.50
26.80
26.90
26.90
27.00
27.10
27.10
27.20
27.00
26.80
26.90
26.70
26.60
26.60
26.50
26.30
26.20
26.10
26.10
26.20
26.20
26.40
26.80
26.80
26.80
27.20
27.20
27.10
27.40
27.20
27.10
27.20
27.00
26.90
26.80
26.80
26.80
27.00
26.80
26.70
26.70
26.60
26.60
27.00
27.10
27.20
27.30
27.20
27.10
27.40
27.30
27.10
27.10
26.90
26.80
26.90
27.00
27.10
27.50
27.40
27.30
27.40
27.40
27.30
27.60
27.50
27.50
27.70
27.80
27.60
27.70
27.50
27.30
27.80
27.60
27.50
27.50
27.40
27.20
27.10
27.10
27.00
27.00
26.90
26.80
26.80
26.80
26.80
27.20
27.10
27.00
26.90
26.80
26.70
26.70
26.60
26.60
26.80
26.80
26.70
26.90
26.80
26.70
26.70
26.60
26.50
26.50
26.50
26.60
26.90
27.00
26.90
27.10
27.20
27.00
27.00
27.10
27.20
27.50
27.80
27.70
27.80
27.70
27.60
27.50
27.30
27.20
27.10
27.20
27.10
27.10
27.00
26.90
26.80
26.70
26.60
26.50
26.90
26.80
26.90
27.20
27.10
27.10
27.30
27.20
27.10
27.40
27.30
27.20
27.20
27.20
27.10
27.10
27.00
27.00
27.40
27.50
27.40
27.50
27.40
27.20
27.10
27.10
27.10
27.10
27.20
27.10
27.50
27.40
27.30
27.20
27.20
27.10
27.10
27.00
26.90
26.90
26.80
26.80
26.80
26.80
26.90
27.40
27.30
27.20
27.10
26.90
26.70
26.80
26.60
26.50
26.80
27.00
26.90
26.90
26.80
26.80
27.10
27.10
27.20
27.40
27.70
27.80
28.00
27.80
27.60
27.50
27.40
27.50
27.50
27.30
27.10
27.00
26.90
26.80
26.90
26.70
26.60
26.60
26.50
26.60
26.50
26.40
26.20
26.20
26.20
26.10
26.10
26.00
25.90
26.00
25.90
25.90
25.90
25.90
25.80
25.80
25.80
25.90
26.00
26.00
26.10
26.20
26.30
26.30
26.60
26.70
26.60
26.60
26.60
26.60
27.00
27.10
27.30
27.70
27.90
27.70
27.80
27.70
27.60
27.60
27.50
27.40
27.30
27.30
27.20
27.30
27.20
27.10
36.10
30.30
29.80
29.50
29.60
29.50
29.30
29.00
28.70
28.40
28.20
28.10
28.00
28.00
27.90
27.70
27.70
27.60
27.40
27.40
27.20
27.10
27.00
26.80
26.60
26.50
26.40
26.30
26.30
26.20
26.20
26.20
26.40
26.40
26.50
26.50
26.50
26.50
26.50
26.50
26.90
26.90
26.90
26.90
26.90
27.00
27.00
26.90
26.80
26.90
26.90
26.80
26.80
26.70
26.50
26.40
26.40
26.40
26.50
26.60
26.50
26.60
26.60
26.60
26.80
26.90
26.90
26.90
26.80
26.80
26.80
26.70
26.60
26.70
26.70
26.60
27.00
27.00
27.10
27.30
27.30
27.20
27.40
27.30
27.40
27.50
27.30
27.20
27.30
27.10
26.90
26.90
26.70
26.50
26.50
26.30
26.30
26.20
26.10
26.00
26.00
26.00
25.90
25.90
25.90
25.90
26.10
26.10
26.10
26.20
26.30
26.30
26.30
26.40
26.30
26.30
26.30
26.30
26.30
26.30
26.30
26.60
26.60
26.40
26.40
26.30
26.20
26.30
26.40
26.50
26.70
26.70
26.70
26.70
26.70
26.70
26.70
26.70
26.70
26.70
26.70
26.80
26.80
26.90
26.70
26.60
26.80
26.70
26.70
26.30
25.70
25.20
24.80
24.30
24.00
23.70
23.40
23.20
23.00
22.80
22.60
22.50
22.30
22.20
22.20
22.10
22.00
21.90
21.90
21.80
21.80
21.80
21.70
21.70
21.70
21.60
21.70
21.60
21.60
21.60
21.60
21.50
21.60
21.60
21.50
21.50
21.50
21.50
21.50
21.50
21.50
21.50
21.50
21.50
21.50
21.50
21.50
21.50
21.50
21.50
21.50
21.50
21.50
21.50
21.50
21.50
21.50
21.50
21.50
21.50
21.50
21.50
21.50
21.50
21.50
21.40
21.40
21.50
21.50
21.40
21.40
21.50
21.50
21.50
21.50
21.50
21.50
21.50
21.50
21.50
21.50
21.50
21.50
21.50
21.50
21.50
21.50
21.40
21.40
21.50
21.50
21.40
21.50
21.50
21.40
21.40
21.50
21.40
21.50
21.50
21.40
21.40
21.50
21.40
21.50
21.50
21.40
21.50
21.50
21.40
21.40
21.40
21.40
21.40
21.40
21.40
21.40
21.40
21.40
21.40
21.40
21.40
21.40
21.40
21.40
21.40
21.40
21.40
21.40
21.40
21.40
21.40
21.40
21.40
21.40
21.40
21.40
21.40
21.40
21.40
21.40
21.40
21.40
21.40
21.40
21.40
21.40
21.40
21.40
21.40
21.40
21.40
21.40
21.40
21.40
21.40
21.40
21.40
21.40
21.40
21.40
21.40
21.40
21.40
21.40
21.40
21.40
21.40
21.40
21.40
21.40
21.40
21.40
21.30
21.40
21.40
21.30
21.40
21.40
21.30
21.40
21.40
21.30
21.40
21.30
21.40
21.40
21.30
21.30
21.40
21.40
21.30
21.30
21.40
21.40
21.40
21.40
21.30
21.30
21.40
21.40
21.40
21.40
21.30
21.40
21.40
21.40
21.40
21.30
21.30
21.40
21.40
21.30
21.40
21.40
21.40
21.40
21.30
21.40
21.30
21.40
21.30
21.30
21.40
21.30
21.40
21.30
21.30
21.30
21.30
21.30
21.30
21.30
21.30
21.40
21.40
21.30
21.40
21.40
21.30
21.40
21.30
21.40
21.30
21.30
21.30
21.30
21.40
21.30
21.40
21.30
21.30
21.40
21.30
21.40
21.40
21.30
21.30
21.40
21.40
21.40
21.30
21.30
21.30
21.30
21.40
21.30
21.30
21.40
21.30
21.30
21.40
21.40
21.30
21.30
21.30
21.30
21.30
21.30
21.30
21.40
21.30
21.30
21.30
21.30
21.30
21.30
21.30
21.30
21.40
21.30
21.40
21.40
21.30
21.30
21.40
21.40
21.30
21.30
35.30
26.20
26.30
26.50
26.80
27.00
26.90
26.90
26.80
26.80
26.70
26.70
26.60
26.60
26.80
26.90
26.90
27.10
27.40
27.80
27.90
27.60
27.30
27.20
27.00
26.80
27.00
26.90
26.80
27.10
27.10
27.00
27.30
27.20
27.00
27.10
27.20
27.20
27.50
27.60
27.60
27.70
27.80
27.70
28.10
28.10
28.20
28.50
28.40
28.20
28.40
28.20
28.00
28.20
28.10
27.90
28.20
28.10
28.20
28.40
28.70
28.90
36.80
31.40
30.80
30.40
29.90
29.70
29.60
29.30
29.10
29.00
28.90
28.60
28.50
28.30
28.20
28.00
27.80
27.70
28.10
28.10
28.10
28.00
27.80
27.50
27.30
27.20
27.10
27.00
27.00
27.10
27.20
27.20
27.10
27.10
27.00
26.90
26.90
27.00
27.10
27.20
27.40
27.30
27.20
27.10
27.00
26.90
27.10
27.20
27.20
27.70
27.60
27.50
27.60
27.50
27.60
33.20
32.80
27.20
27.50
27.70
28.00
28.20
28.00
28.00
28.60
28.40
28.30
28.40
28.20
28.10
28.10
28.10
27.90
28.50
28.80
28.80
29.20
29.00
28.90
29.00
29.00
29.10
29.50
29.40
29.10
28.90
28.90
28.70
41.60
31.40
30.80
30.80
30.50
30.10
30.10
29.60
29.30
29.10
28.90
28.90
29.10
28.90
28.80
29.00
28.80
28.50
28.50
28.30
28.10
28.00
27.80
27.70
27.90
27.80
27.70
28.10
28.00
27.80
27.80
27.60
27.40
27.80
27.80
27.70
33.20
27.60
27.50
27.70
27.50
27.80
28.00
27.80
27.80
27.70
27.70
27.80
28.10
28.00
27.90
27.90
27.70
27.60
27.60
27.50
27.60
27.90
27.60
27.40
27.10
26.90
26.80
26.70
26.50
26.40
26.70
26.60
26.50
26.80
26.80
26.90
27.20
27.20
27.20
27.80
27.70
27.80
28.10
28.10
28.10
28.30
28.10
27.90
28.20
28.00
27.80
27.80
27.80
27.70
27.70
27.60
27.40
27.40
27.30
27.20
27.60
27.60
27.60
27.60
28.10
35.90
35.50
36.10
27.80
28.20
28.30
28.30
28.50
28.80
28.60
28.60
28.60
28.40
28.50
28.50
28.30
28.30
28.00
28.10
28.10
28.30
28.10
27.90
27.80
27.70
27.60
27.90
27.80
27.70
27.90
27.80
27.70
27.80
27.70
27.50
27.50
27.50
27.40
27.40
27.50
27.50
27.80
27.70
27.60
28.10
27.90
27.70
27.60
27.60
27.50
27.80
28.30
28.60
29.00
28.70
28.40
28.40
28.30
28.10
28.20
28.00
27.70
27.80
27.60
27.50
27.60
27.50
27.40
27.30
27.30
27.50
27.60
27.60
27.50
27.90
28.10
28.20
28.50
28.50
28.40
28.50
28.70
28.80
29.30
29.10
29.20
29.20
28.90
28.90
28.70
28.50
28.30
28.60
29.00
28.90
28.70
28.60
28.70
29.00
29.00
28.70
28.90
28.60
28.40
28.60
28.30
28.10
28.10
28.00
27.80
27.70
27.90
27.80
28.30
28.40
28.40
28.30
28.30
28.20
28.50
28.30
28.20
28.30
28.10
27.90
27.80
27.60
27.60
27.50
27.50
27.50
27.50
27.30
27.20
27.20
27.10
27.00
27.30
27.10
27.10
27.40
27.40
27.50
27.50
27.50
27.60
27.70
27.90
27.70
28.00
28.00
27.80
28.50
28.40
28.40
28.60
28.70
28.70
29.10
28.70
28.60
28.30
28.60
28.30
28.40
28.30
28.10
27.90
27.70
27.40
27.30
27.20
27.10
27.00
27.00
27.00
27.10
27.40
34.90
43.80
30.70
30.20
29.70
29.70
29.30
28.90
28.80
28.50
28.20
28.20
28.00
27.80
27.70
27.60
27.40
27.60
27.40
27.40
27.80
28.10
28.30
28.50
28.50
28.50
28.50
28.30
28.10
28.00
27.80
27.60
27.80
27.60
27.60
33.00
32.40
31.80
31.60
31.10
30.50
30.20
30.20
30.20
30.20
30.10
30.40
30.10
29.80
29.60
29.70
29.30
29.00
28.90
28.50
28.30
28.10
28.00
27.80
27.70
27.60
27.50
27.90
28.00
28.00
28.20
28.20
28.20
28.30
28.20
28.10
27.70
21.60
21.50
21.50
21.60
21.60
21.60
21.60
21.60
21.60
21.50
21.50
21.60
21.50
21.50
21.50
21.50
21.50
21.50
21.50
21.50
21.50
21.50
21.50
21.50
21.50
21.50
21.50
21.50
21.50
21.40
21.50
21.50
21.50
21.50
21.40
21.50
21.50
21.40
21.40
21.40
21.40
21.40
21.40
21.40
21.40
21.40
21.50
21.50
21.50
21.50
21.50
21.50
21.40
21.40
21.40
21.40
21.40
21.40
21.40
21.50
21.50
21.40
21.40
21.40
21.40
21.40
21.40
21.40
21.40
21.40
21.40
21.40
21.40
21.40
21.40
21.40
21.40
21.40
21.40
21.40
21.40
21.40
21.40
21.40
21.40
21.40
21.50
21.50
21.40
21.40
21.40
21.40
21.40
21.40
21.40
21.40
21.40
21.40
21.40
21.40
21.40
21.40
21.40
21.40
21.40
21.40
21.40
21.40
21.50
21.50
21.50
21.50
21.50
21.50
21.40
21.40
21.40
21.40
21.40
21.40
21.40
21.40
21.40
21.40
21.40
21.40
21.40
21.40
21.40
21.40
21.40
21.40
21.40
21.40
21.40
21.40
21.40
21.40
21.40
21.30
21.40
21.40
21.40
21.40
21.40
21.30
21.30
21.30
21.30
21.30
21.40
21.30
21.30
21.30
21.40
21.30
21.30
21.40
21.30
21.30
21.40
21.30
21.40
21.40
21.40
21.40
21.30
21.40
21.40
21.40
21.40
21.40
21.40
21.40
21.40
21.40
21.40
21.40
21.40
21.40
21.40
21.50
21.40
21.40
21.40
21.40
21.40
21.30
21.30
21.30
21.40
21.40
21.50
21.50
21.50
21.40
21.40
21.40
21.40
21.40
21.30
21.40
21.30
21.40
21.40
21.30
21.30
21.30
21.40
21.30
21.30
21.30
21.30
21.30
21.30
21.40
21.30
21.40
21.30
21.40
21.40
21.30
21.30
21.40
21.40
21.30
21.30
21.30
21.30
21.40
21.30
21.30
21.30
21.30
21.40
21.70
21.70
21.70
21.80
21.70
21.70
21.70
21.70
21.70
21.70
21.70
21.70
21.80
21.70
21.60
21.60
21.50
21.50
21.50
21.50
21.50
21.50
21.40
21.40
21.40
21.30
21.40
21.40
21.40
21.40
21.40
21.40
21.40
21.40
21.40
21.40
21.40
21.40
21.40
21.40
21.40
21.30
21.30
21.30
21.30
21.30
21.30
21.30
21.30
21.30
21.30
21.30
21.30
21.30
21.30
21.30
21.30
21.30
21.30
21.30
21.30
21.30
21.30
21.30
31.80
43.40
32.40
31.80
31.20
30.70
30.20
29.80
29.60
29.20
29.10
29.00
28.80
28.90
34.10
33.80
33.20
33.00
32.60
32.20
32.00
32.60
32.50
33.10
32.90
32.50
32.20
31.80
31.20
30.90
30.30
29.90
29.90
29.80
29.60
29.60
44.50
44.40
36.10
35.90
29.70
29.80
29.70
29.50
29.40
29.40
29.30
29.30
29.70
29.80
29.50
29.50
29.40
29.20
29.40
29.70
29.30
29.40
29.00
28.70
29.30
29.20
29.10
29.00
28.90
29.50
35.90
35.30
35.00
34.90
28.40
28.30
44.10
44.30
44.50
32.20
31.70
31.30
31.10
30.70
30.20
30.40
30.00
29.70
29.60
29.80
29.70
30.30
30.10
35.70
35.80
35.20
27.80
28.40
38.20
32.00
31.90
31.30
30.80
30.70
30.30
29.90
29.70
29.60
29.40
29.60
29.50
29.30
29.10
29.10
29.00
34.90
34.30
33.80
33.50
28.20
28.40
28.70
28.60
28.40
28.60
28.40
28.20
28.10
28.10
27.90
28.00
28.00
28.00
28.40
28.60
28.60
29.10
29.40
29.40
35.10
34.60
35.00
35.50
27.60
27.50
27.60
27.60
27.60
27.90
27.80
27.70
32.80
27.00
32.20
32.00
31.60
31.40
31.30
37.40
37.50
38.10
32.60
32.10
32.10
32.10
31.70
31.90
32.30
32.10
32.30
31.90
31.60
31.60
31.50
30.90
30.80
30.60
30.40
30.10
30.30
30.40
36.40
36.10
29.30
29.40
29.80
29.50
29.60
29.70
30.10
30.10
30.00
29.70
29.40
29.20
29.40
29.40
29.20
29.10
29.10
34.30
28.40
28.40
37.40
45.90
39.90
29.30
29.20
29.20
29.10
28.90
28.80
29.20
28.90
28.60
28.90
28.60
28.50
38.00
37.30
30.30
39.30
33.20
32.80
32.60
32.10
31.60
41.30
41.20
33.90
33.60
28.00
28.10
28.60
29.00
28.80
29.20
29.00
28.90
29.00
29.30
29.60
29.60
29.80
30.00
39.90
30.30
30.20
41.10
46.80
46.50
45.90
37.40
28.20
37.20
30.10
30.30
30.00
29.70
29.30
29.10
28.90
28.80
29.20
29.10
29.00
29.20
29.20
29.20
29.10
29.00
37.60
31.40
30.90
30.40
30.60
30.30
30.20
30.30
30.00
29.60
29.60
29.30
29.30
29.20
29.10
29.00
28.90
28.70
28.60
28.80
34.90
28.90
36.80
45.70
30.90
30.70
30.40
30.40
36.10
28.40
28.70
29.00
29.10
28.90
38.20
27.60
27.60
28.00
28.20
28.30
28.70
28.80
29.30
29.90
44.90
29.90
29.90
29.60
29.40
29.50
29.40
29.50
29.50
29.20
28.90
29.00
29.60
29.40
29.70
29.60
29.90
30.00
30.20
30.00
30.40
30.40
30.10
30.10
30.00
29.80
29.70
29.60
29.30
29.30
29.20
28.90
28.70
28.50
28.40
28.30
28.80
28.80
28.80
28.80
28.70
28.70
44.90
44.90
35.30
35.00
34.40
27.60
27.90
28.10
28.70
29.10
28.90
28.70
28.60
28.40
28.60
43.40
43.80
44.20
43.90
33.00
32.40
32.40
41.80
41.40
40.90
27.20
27.50
28.00
28.00
28.00
28.10
28.00
27.90
28.20
28.20
28.60
29.10
29.00
29.00
29.10
29.10
29.10
39.50
29.90
30.10
40.30
40.30
29.70
30.00
29.90
30.00
29.90
29.80
29.50
29.40
29.10
28.90
35.10
29.50
29.50
29.60
29.40
29.30
29.80
29.80
29.80
30.10
30.70
30.70
31.10
30.80
30.40
30.50
30.20
30.00
30.20
30.00
29.80
30.20
30.00
30.60
31.20
31.00
30.70
31.10
30.90
31.50
31.80
31.70
31.40
31.60
31.60
31.30
31.40
30.90
30.50
30.20
29.70
29.40
29.20
29.10
29.40
46.30
33.60
27.60
36.10
29.50
29.30
29.30
29.30
29.30
29.20
28.90
28.70
28.60
28.50
28.30
28.40
28.50
28.60
28.70
28.80
29.30
35.90
28.70
42.80
42.50
31.20
30.90
30.70
30.50
30.20
30.30
30.60
30.70
31.20
30.80
30.30
30.30
30.10
29.70
29.50
29.30
29.70
30.20
30.00
30.00
30.00
22.40
22.30
22.20
22.10
22.10
22.00
22.00
22.00
21.90
21.90
21.90
21.90
21.80
21.80
21.80
21.80
21.70
21.70
21.70
21.70
21.70
21.80
21.80
21.70
21.70
21.70
21.70
21.70
21.70
21.70
21.70
21.60
21.60
21.60
21.70
21.90
22.00
22.00
22.00
22.00
22.00
22.00
22.00
22.00
22.00
22.00
22.10
22.10
22.20
22.10
22.00
22.00
21.90
21.80
21.80
21.80
21.70
21.70
21.70
21.70
21.70
21.60
21.60
21.60
21.60
21.60
21.60
21.60
21.60
21.50
21.50
21.50
21.50
21.50
21.50
21.50
21.50
21.50
21.60
21.60
21.60
21.60
21.50
21.50
21.50
21.50
21.50
21.50
21.50
21.50
21.50
21.50
21.50
21.50
21.50
21.50
21.50
21.50
21.40
21.50
21.40
21.40
21.50
21.40
21.40
21.50
21.50
21.50
21.50
21.50
21.50
21.50
21.50
21.50
21.50
21.50
21.50
21.50
21.50
21.50
21.50
21.50
21.50
21.50
21.50
21.50
21.50
21.50
21.50
21.50
21.50
21.40
21.50
21.50
21.40
21.50
21.40
21.50
21.40
21.50
21.40
21.50
21.40
21.40
21.40
21.40
21.40
21.40
21.40
21.40
21.40
21.40
21.40
21.40
21.40
21.40
21.40
21.40
21.40
21.40
21.40
21.40
21.30
21.40
21.40
21.30
21.40
21.40
21.30
21.40
21.40
21.30
21.40
21.30
21.40
21.40
21.40
21.40
21.40
21.50
21.40
21.40
21.40
21.40
21.40
21.40
21.40
21.40
21.40
21.30
21.40
21.40
21.30
21.40
21.30
21.30
21.30
21.30
21.30
21.30
21.40
21.50
21.50
21.40
21.40
21.40
21.40
21.40
21.40
21.40
21.40
21.40
21.40
21.40
21.40
21.40
21.30
21.40
21.40
21.40
21.40
21.30
21.30
21.40
21.40
21.30
21.30
21.40
21.30
21.30
21.40
21.30
21.40
21.40
21.30
21.50
21.50
21.50
21.50
21.50
21.40
21.40
21.40
21.40
21.40
21.40
21.40
21.40
21.40
21.40
21.40
21.40
21.40
21.40
21.40
21.40
21.30
21.30
21.30
21.30
21.30
21.30
21.40
21.40
21.30
21.40
21.40
21.40
21.40
21.40
21.40
21.40
21.30
21.30
21.40
21.40
21.30
21.40
21.30
21.40
21.40
21.30
21.30
21.30
21.40
21.30
21.40
21.40
21.30
21.30
21.40
21.30
21.30
21.40
21.40
21.40
21.40
21.40
21.40
21.40
37.80
32.60
43.60
43.20
31.60
31.60
31.20
30.90
30.90
37.40
37.20
43.60
43.90
44.10
44.30
44.50
44.30
38.80
28.70
28.60
28.70
28.70
28.70
29.20
29.00
28.90
29.30
29.10
29.00
29.40
29.50
29.50
39.10
29.70
29.70
43.20
43.70
44.00
44.30
30.30
30.00
29.80
29.70
29.40
29.90
29.80
29.60
36.40
28.00
28.10
28.50
33.60
33.10
33.20
33.40
40.70
47.60
47.40
47.00
39.10
31.60
31.60
32.00
32.00
32.20
32.50
32.20
31.60
37.20
45.90
45.70
34.90
27.40
27.70
33.60
33.00
32.80
32.70
46.80
46.80
46.80
37.80
29.50
34.70
28.20
28.20
28.60
28.50
28.50
28.80
28.70
28.60
28.40
28.30
28.10
28.10
28.10
28.20
36.10
36.10
36.00
45.30
45.00
34.10
34.40
45.30
45.30
36.40
29.50
29.40
29.50
29.60
29.60
30.00
40.30
31.20
31.50
40.30
39.70
39.70
31.80
37.40
36.80
37.00
45.30
45.00
30.30
30.60
39.10
38.70
38.20
31.60
31.70
36.80
31.60
31.80
31.90
31.80
31.40
31.50
31.10
31.20
31.00
30.90
30.80
30.80
42.40
42.70
35.30
35.50
46.80
46.70
35.90
35.70
28.90
29.00
29.20
29.00
28.80
28.70
40.90
29.70
29.70
29.60
29.50
35.30
28.70
28.90
29.20
41.80
41.30
47.00
47.20
47.30
41.30
30.30
30.10
30.70
30.40
30.10
30.10
29.70
29.40
29.50
29.50
29.50
29.70
29.60
30.00
30.50
30.80
39.90
40.50
34.70
43.00
43.30
43.00
30.50
30.80
30.60
30.50
30.60
30.70
30.90
31.20
30.70
30.70
41.10
41.00
41.40
41.20
33.00
33.10
33.10
32.60
32.20
42.20
35.30
34.60
34.40
29.10
29.00
29.40
29.10
29.00
29.20
28.90
28.70
28.50
28.50
28.50
39.90
33.20
32.90
33.40
33.30
32.90
33.50
33.20
32.70
32.80
32.50
32.10
32.10
31.50
31.10
30.60
30.20
29.80
30.10
29.90
30.10
41.60
34.90
34.70
34.70
34.20
33.60
33.60
33.30
42.60
43.20
43.40
31.20
31.50
31.80
31.50
31.60
31.70
31.40
31.90
31.70
31.40
31.80
32.20
39.50
39.10
38.80
38.30
29.90
29.80
29.90
30.20
48.80
48.60
48.50
33.90
34.40
43.20
33.60
33.10
33.40
33.10
27.40
27.60
27.70
27.60
27.80
27.90
27.80
28.00
28.30
28.40
28.60
28.70
38.80
48.20
42.80
32.60
32.30
32.20
31.80
31.40
31.30
30.90
30.40
30.30
29.90
29.50
29.70
29.60
29.60
30.20
30.00
30.00
30.20
30.20
47.60
47.00
47.00
39.90
39.40
32.00
31.70
39.90
39.30
39.60
33.20
32.60
32.00
31.70
31.70
31.50
31.90
38.00
45.10
35.90
35.40
41.30
31.80
31.60
40.90
40.70
30.30
30.10
30.40
30.20
29.90
41.10
30.50
30.10
38.60
45.10
28.90
29.20
29.20
44.70
45.10
35.50
35.00
35.60
35.70
36.00
36.40
31.20
31.00
31.10
30.70
30.50
30.80
30.40
30.10
29.80
29.50
29.30
29.70
29.60
29.70
47.20
47.20
47.20
47.30
39.10
31.60
45.30
45.60
33.20
33.80
47.20
40.90
40.90
41.30
41.40
41.10
29.10
29.10
29.60
41.80
29.10
29.70
40.90
48.00
47.40
33.00
33.60
38.80
48.60
48.60
48.50
48.40
48.30
37.00
31.20
31.30
31.50
31.40
31.20
31.60
31.50
31.20
31.50
31.80
31.50
31.30
31.00
30.80
31.20
46.30
46.40
46.60
46.60
36.40
36.40
36.50
30.10
30.50
30.80
30.50
30.40
30.30
30.10
30.40
35.90
27.20
34.70
34.90
34.30
34.00
34.00
33.70
34.10
33.60
33.40
41.30
47.80
47.60
39.90
33.90
33.90
34.10
34.20
34.10
34.00
33.50
33.00
32.60
32.20
32.00
32.30
32.50
32.60
32.50
32.60
32.10
32.30
38.80
31.20
31.10
31.00
30.70
30.50
46.10
36.60
28.90
42.00
29.90
30.00
30.40
30.30
30.20
30.10
21.80
21.80
21.80
21.90
21.90
21.90
21.90
21.90
21.90
21.90
21.90
22.00
21.90
21.90
21.90
21.90
21.90
21.90
21.80
21.80
21.90
21.80
21.80
21.80
21.80
21.80
21.80
21.80
21.80
21.80
21.80
21.70
21.80
21.70
21.70
21.80
21.80
21.70
21.70
21.70
21.70
21.70
21.70
21.70
21.70
21.70
21.70
21.70
21.70
21.70
21.70
21.70
21.70
21.70
21.70
21.70
21.70
21.70
21.60
21.60
21.60
21.60
21.60
21.60
21.60
21.60
21.60
21.60
21.70
21.60
21.60
21.70
21.60
21.60
21.60
21.60
21.60
21.70
21.70
21.60
21.70
21.70
21.60
21.70
21.60
21.60
21.60
21.60
21.60
21.60
21.60
21.60
21.60
21.60
21.60
21.60
21.60
21.50
21.60
21.50
21.50
21.50
21.60
21.50
21.60
21.50
21.60
21.60
21.50
21.50
21.50
21.50
21.50
21.50
21.50
21.50
21.50
21.50
21.50
21.50
21.50
21.50
21.60
21.60
21.60
21.60
21.50
21.50
21.50
21.50
21.50
21.50
21.50
21.50
21.50
21.50
21.50
21.40
21.50
21.40
21.40
21.50
21.40
21.40
21.40
21.40
21.40
21.40
21.40
21.40
21.40
21.50
21.50
21.50
21.50
21.50
21.50
21.40
21.50
21.50
21.40
21.40
21.40
21.40
21.40
21.40
21.50
21.40
21.50
21.50
21.50
21.50
21.50
21.50
21.50
21.40
21.40
21.40
21.40
21.40
21.40
21.40
21.40
21.40
21.40
21.40
21.40
21.40
21.40
21.40
21.40
21.30
21.40
21.40
21.40
21.40
21.40
21.40
21.40
21.40
21.40
21.50
21.40
21.40
21.40
21.40
21.40
21.40
21.40
21.40
21.40
21.40
21.40
21.40
21.40
21.40
21.40
21.40
21.40
21.40
21.40
21.50
21.50
21.50
21.40
21.40
21.40
21.40
21.40
21.40
21.40
21.40
21.40
21.40
21.40
21.40
21.40
21.40
21.40
21.40
21.40
21.40
21.40
21.40
21.40
21.40
21.40
21.40
21.40
21.40
21.40
21.40
21.40
21.30
21.40
21.40
21.30
21.30
21.40
21.40
21.40
21.40
21.30
21.40
21.40
21.40
21.40
21.40
21.40
21.40
21.40
21.40
21.40
21.40
21.40
21.40
21.40
21.40
21.40
21.40
21.30
21.30
21.40
21.40
21.30
21.30
21.30
21.30
21.30
21.30
21.40
21.30
21.30
21.40
21.30
21.40
21.30
21.40
21.40
21.30
21.30
21.40
21.30
21.30
21.40
21.40
21.30
21.30
21.30
21.30
21.40
21.30
21.30
21.40
21.40
21.40
21.40
21.40
21.30
21.40
21.40
21.40
21.30
21.40
21.30
21.30
21.30
21.30
21.30
21.30
21.30
21.30
21.30
21.30
21.30
21.30
21.30
21.30
21.30
21.30
21.30
21.30
21.30
21.30
21.30
21.30
21.30
21.30
21.30
21.30
21.30
21.20
21.30
21.30
21.30
21.40
21.30
21.30
21.30
21.30
21.30
21.40
21.30
21.30
21.30
21.40
21.40
21.40
21.30
21.30
21.40
21.30
21.30
21.30
21.30
21.30
21.30
21.30
21.30
21.40
21.30
21.30
21.40
21.40
21.40
21.40
21.40
21.40
21.40
21.40
21.40
21.40
21.40
21.30
21.40
21.30
21.30
21.30
21.30
21.30
21.30
21.30
21.30
21.40
21.30
21.30
21.30
21.30
21.30
21.40
21.40
21.30
21.40
21.40
21.30
21.40
21.40
21.40
21.40
21.50
21.50
21.50
21.50
21.50
21.40
21.40
21.40
21.40
21.40
21.40
21.40
21.40
21.40
21.40
21.70
21.70
21.80
21.80
21.80
21.70
21.70
21.80
21.70
21.70
21.80
21.70
21.80
21.80
21.70
21.70
21.60
21.60
21.50
21.50
21.50
21.50
21.50
21.50
21.40
21.40
21.40
21.40
21.40
21.40
21.40
21.30
21.40
21.40
21.30
21.30
21.30
21.30
21.30
21.30
21.40
21.30
21.40
21.30
21.30
21.40
21.30
21.30
21.40
8.70
0.00
0.00
0.00
0.00
0.00
0.00
0.00
0.00
0.00
0.00
0.00
0.00
0.00
0.00
0.00
0.00
0.00
0.00
0.00
0.00
0.00
0.00
0.00
0.00
0.00
0.00
0.00
0.00
0.00
0.00
0.00
0.00
0.00
0.00
0.00
0.00
0.00
0.00
0.00
0.00
0.00
0.00
0.00
0.00
0.00
0.00
0.00
0.00
0.00
0.00
0.00
0.00
0.00
0.00
0.00
0.00
0.00
