44.50
55.70
55.60
55.70
55.50
55.60
55.60
55.70
55.80
55.90
56.00
56.10
56.10
56.20
56.30
56.30
56.30
56.20
56.20
56.40
56.50
56.60
56.70
56.70
56.90
56.90
57.00
57.00
57.10
57.10
57.30
57.30
57.50
57.50
57.50
57.60
57.70
57.70
57.70
57.60
57.60
57.60
57.60
57.60
57.60
57.70
57.70
57.60
57.60
57.70
57.70
57.80
57.80
57.80
57.90
58.00
58.00
58.10
58.10
58.30
58.30
58.40
58.50
58.60
58.90
58.90
59.00
59.00
59.10
59.20
59.20
59.20
59.40
59.40
59.50
59.50
59.60
59.70
59.70
59.70
59.80
59.90
59.90
59.90
60.00
60.10
60.10
60.10
60.20
60.20
60.30
60.30
60.40
60.40
60.40
60.50
60.50
60.60
60.60
60.60
60.60
60.70
60.70
60.80
60.80
60.80
60.80
60.90
60.90
61.00
60.90
61.00
61.00
61.10
61.10
61.10
61.10
61.20
61.10
61.20
61.20
61.20
61.30
61.30
61.30
61.30
61.30
61.30
61.40
61.40
61.40
61.40
61.50
61.30
61.30
61.30
61.40
61.40
61.40
61.50
61.50
61.50
61.50
61.50
61.50
61.50
61.50
61.50
61.50
61.50
61.60
61.50
61.50
61.60
61.80
61.80
61.80
61.80
61.80
61.80
61.80
61.90
61.90
61.90
62.00
62.00
62.00
62.10
62.10
62.10
62.10
62.20
62.20
62.20
62.30
62.30
62.30
62.40
62.40
62.40
62.40
62.50
62.50
62.50
62.70
62.70
62.60
62.60
62.70
62.60
62.60
62.60
62.70
62.70
62.70
62.80
62.80
62.80
62.90
62.90
62.90
62.90
62.90
62.90
63.00
63.00
63.00
62.50
41.30
41.20
41.20
41.20
41.20
41.20
41.20
41.20
41.30
61.90
61.90
62.00
62.10
62.10
62.20
62.20
62.30
62.40
62.40
62.40
62.50
62.60
62.60
62.70
62.70
62.90
62.90
62.90
62.90
63.00
63.00
63.00
63.00
63.10
48.40
42.20
42.00
42.00
41.80
41.80
41.80
41.70
41.70
41.60
41.60
53.80
61.90
62.00
62.00
62.10
62.40
62.30
62.30
62.40
62.40
62.40
62.20
62.10
62.20
62.20
62.30
62.30
62.40
62.50
62.50
62.60
62.40
41.30
41.30
41.30
41.20
41.40
41.30
41.60
41.60
41.50
41.50
41.50
61.50
61.50
61.60
61.70
61.90
61.90
62.00
62.10
62.20
62.30
62.30
62.50
62.70
62.60
62.60
62.60
62.60
62.60
62.60
62.70
62.80
52.60
42.40
42.30
42.20
42.10
42.10
42.10
42.00
41.90
41.80
41.80
41.80
41.90
52.20
62.40
62.40
62.40
62.40
62.40
62.40
62.40
62.50
62.60
62.60
62.60
62.70
62.80
62.80
62.80
62.90
62.90
62.90
63.00
43.00
42.70
42.50
42.40
42.20
42.10
42.00
41.90
41.80
56.90
62.80
62.70
62.70
62.60
62.60
62.60
62.60
62.60
62.70
62.80
62.90
44.70
44.30
44.00
43.70
43.50
43.20
42.90
42.70
42.50
42.40
42.20
57.80
63.20
63.20
63.10
63.00
63.00
63.00
62.90
62.90
62.80
62.90
62.90
62.80
62.80
62.90
62.90
62.90
62.90
63.00
63.00
63.00
57.20
41.30
41.30
41.30
41.40
41.40
41.30
41.40
41.40
41.50
41.40
41.90
62.40
62.40
62.50
62.50
62.50
62.50
62.60
62.10
41.60
41.50
41.50
41.50
41.50
41.40
41.40
58.80
59.20
59.70
60.00
60.20
60.50
60.80
61.10
61.40
61.50
61.70
61.90
62.00
62.20
62.30
62.20
41.60
41.60
41.50
41.60
41.70
41.70
41.60
41.60
41.50
41.60
41.60
62.40
62.40
62.40
62.40
62.50
62.50
62.60
62.60
62.60
62.70
62.70
62.70
62.70
62.80
62.90
62.90
62.90
62.90
63.00
54.50
41.80
41.80
42.00
42.00
42.00
42.00
42.00
42.00
42.10
42.00
41.90
41.80
50.30
62.40
62.40
62.40
62.40
62.40
62.50
62.50
62.60
62.70
62.70
62.70
62.70
62.70
62.80
62.80
48.40
41.10
41.10
41.10
41.10
41.20
