60.70
61.30
68.20
68.30
67.90
67.70
67.50
67.60
77.80
77.80
77.80
77.90
78.00
78.10
78.20
78.30
78.40
78.50
78.70
78.80
78.90
79.00
79.20
73.40
68.20
68.10
68.60
80.70
80.70
80.80
80.90
80.90
70.30
70.20
70.20
69.80
53.20
75.90
81.90
81.90
82.00
82.00
82.20
69.60
53.60
53.50
53.50
53.50
63.20
83.00
83.00
59.20
53.60
53.60
53.50
53.50
53.50
53.50
53.50
53.50
53.50
53.50
53.50
53.50
53.50
53.50
53.40
53.40
53.40
53.40
53.40
52.80
52.20
51.60
51.70
51.80
52.00
52.20
52.40
52.50
52.60
52.70
52.80
52.90
53.00
53.00
53.10
53.00
53.10
53.20
53.30
53.30
53.30
53.40
53.40
53.40
53.40
53.40
53.50
53.50
53.50
53.50
53.50
53.50
53.50
53.50
53.60
53.50
53.50
53.50
53.50
53.50
53.50
53.50
53.40
47.60
47.60
65.10
70.50
70.10
83.60
78.40
54.00
54.00
53.30
48.20
48.70
71.10
71.10
71.10
71.20
84.00
84.00
63.60
54.50
54.50
54.50
54.40
54.40
54.40
54.40
54.40
54.40
54.30
54.30
54.30
54.30
54.30
54.30
54.30
54.40
54.30
54.30
54.30
54.30
54.30
54.40
54.30
54.30
54.40
54.30
54.40
54.30
54.40
54.30
54.40
54.30
54.30
54.40
54.30
54.40
54.40
54.30
54.30
54.40
54.30
54.40
54.40
54.40
54.40
54.40
53.90
48.40
48.30
48.30
48.30
48.30
48.20
48.20
48.50
54.00
54.00
54.00
54.00
54.10
54.10
54.10
54.00
48.60
48.50
48.50
48.60
54.20
54.20
54.20
54.20
54.20
54.20
54.30
54.30
53.60
53.10
52.50
52.40
52.70
52.90
53.10
53.20
53.30
53.30
53.40
53.50
53.70
53.80
53.80
53.90
54.00
54.00
54.10
54.10
54.20
54.20
54.30
54.30
54.30
54.40
54.40
54.40
54.40
54.50
54.50
54.50
54.50
54.50
54.50
54.50
54.50
54.50
54.50
54.60
54.60
54.60
54.60
54.60
54.60
54.60
54.60
54.60
54.60
54.60
54.70
54.70
54.70
54.70
54.70
54.70
54.70
54.70
54.70
54.70
54.70
54.70
54.70
54.60
54.70
54.70
54.70
54.70
54.70
54.70
54.70
54.70
54.70
54.70
54.70
54.70
54.70
54.70
54.70
54.70
54.80
54.80
54.80
54.80
54.80
54.80
54.80
54.80
54.80
54.80
54.80
54.80
54.70
54.70
54.70
54.70
54.70
54.70
54.70
54.70
54.70
54.80
54.80
54.80
54.80
54.80
54.80
54.80
54.80
54.80
54.80
54.80
54.80
54.90
54.90
54.90
54.90
54.90
54.90
54.90
54.90
54.90
54.90
54.90
54.90
54.90
54.90
54.90
54.70
48.60
48.60
48.60
48.60
48.60
48.60
48.60
48.20
47.70
47.10
47.10
46.80
46.50
46.70
46.90
47.30
47.30
46.80
46.40
46.00
46.30
54.50
54.50
54.50
54.50
54.60
54.60
54.70
54.60
54.70
54.60
54.70
54.70
54.70
54.20
48.80
48.80
48.80
48.80
48.80
48.80
48.80
48.80
48.40
47.80
47.30
46.90
47.10
47.30
53.00
53.20
53.40
53.50
53.70
53.80
53.90
54.00
53.40
53.00
53.00
53.20
53.40
53.30
52.60
52.10
51.70
51.30
50.90
50.50
50.30
50.10
50.50
50.30
50.20
50.00
49.80
50.30
50.80
51.30
51.70
52.10
52.40
52.70
52.90
53.10
53.30
53.50
53.60
53.80
53.90
54.00
54.10
54.20
54.30
54.40
54.40
54.50
54.50
54.60
54.60
54.60
54.00
48.80
48.80
48.80
48.70
48.80
48.80
48.80
48.80
48.80
48.80
48.90
48.90
48.80
48.80
48.80
48.80
48.80
48.80
48.80
48.80
48.80
48.80
48.80
48.80
48.70
48.70
49.00
54.90
54.80
54.80
54.80
54.80
54.80
54.80
54.80
54.80
54.80
54.80
54.80
54.80
54.80
54.80
54.80
54.70
54.70
54.70
54.80
54.80
54.60
48.80
48.70
48.70
48.60
48.60
48.60
48.60
48.60
48.50
48.50
48.50
43.40
