0.0;6.208673684210527E-4;0.010224652203623922
1.2922201436245953;7.760842105263158E-5;0.016594710304803077
1.3123951532949025;0.0;0.016594710304803077
1.3354670304877434;0.0;0.016594710304803077
1.3454312793452798;0.0;0.016594710304803077
1.3588824277453624;0.0;0.016594710304803077
1.3588134420536497;0.0;0.016594710304803077
1.3588754875837759;0.0;0.016594710304803077
1.3554994804225917;0.0;0.016594710304803077
1.3521401303472067;0.0;0.016594710304803077
1.3723170726975973;0.0;0.016594710304803077
1.352131767367692;0.0;0.016631470739022578
1.355482808009939;0.0;0.016631470739022578
1.3453964796729465;0.0;0.016631470739022578
1.348749143283133;0.0;0.016631470739022578
1.3622325087200227;0.0;0.016631470739022578
1.3656338389853708;0.0;0.016631470739022578
1.348736718229751;0.0;0.016631470739022578
1.3554599622627852;0.0;0.016631470739022578
1.3453737860793749;0.0;0.016631470739022578
1.3520965037412616;0.0;0.016631470739022578
1.3554475155488959;0.0;0.016631470739022578
1.3554769130318225;0.0;0.016631470739022578
1.3554395417151022;0.0;0.016631470739022578
1.3656051969200143;0.0;0.016631470739022578
1.3220352422454094;0.0;0.016631470739022578
1.3086780000037652;0.0;0.016647225210830938
1.358803541278909;0.0;0.016647225210830938
1.3285880483474246;0.0;0.016647225210830938
1.3386900763624852;0.0;0.016647225210830938
1.3352142322942009;0.0;0.016647225210830938
1.3420038571998292;0.0;0.016647225210830938
1.3520652616892508;0.0;0.016647225210830938
1.3385423769849318;0.0;0.016647225210830938
1.3419942045159705;0.0;0.016647225210830938
1.331875174567858;0.0;0.016647225210830938
1.3386644123554838;0.0;0.016647225210830938
1.345320306387848;0.0;0.016647225210830938
1.3520428163831164;0.0;0.016647225210830938
1.3620541129245969;0.0;0.016647225210830938
1.3553897294184505;0.0;0.016647225210830938
1.348659946948959;0.0;0.016647225210830938
1.358754030057925;0.0;0.016647225210830938
1.3486536747293438;0.0;0.016647225210830938
1.3621369680359945;0.0;0.016647225210830938
1.3587455607317707;0.0;0.016647225210830938
1.3520158973687966;0.0;0.016647225210830938
1.3486418500731632;0.0;0.016647225210830938
1.358736255261971;0.0;0.016647225210830938
1.3520057294927232;0.0;0.016647225210830938
1.3486300459072713;0.0;0.016647225210830938
1.3753653517306963;0.0;0.016647225210830938
1.3587254107540938;0.0;0.016647225210830938
1.345268539819794;0.0;0.016647225210830938
1.3519907936204416;0.0;0.016647225210830938
1.3519886168823265;0.0;0.016647225210830938
1.3486129580724955;0.0;0.016647225210830938
1.3620949687016408;0.0;0.016647225210830938
1.3486066712352853;0.0;0.016647225210830938
1.3553288553585605;0.0;0.016647225210830938
1.3351138201428565;0.0;0.016647225210830938
1.351967268018131;1.5521684210526317E-4;0.016647225210830938
1.3351057655527934;0.0;0.016647225210830938
1.3452339051904938;0.0;0.016647225210830938
1.348584545109348;0.0;0.016647225210830938
1.345225734064109;0.0;0.016647225210830938
1.3350913004404772;0.0;0.016647225210830938
1.3519444272051482;0.0;0.016647225210830938
1.3317621080944888;0.0;0.016647225210830938
1.3485648235533674;0.0;0.016647225210830938
1.3485608314640272;0.0;0.016647225210830938
1.3485567369254634;0.0;0.016647225210830938
1.3350671348324878;0.0;0.016647225210830938
1.3553081902727053;0.0;0.016647225210830938
1.3451898662698034;0.0;0.016647225210830938
1.3383926132051776;0.0;0.016647225210830938
1.3451816804748604;0.0;0.016647225210830938
1.3552916766323015;0.0;0.016647225210830938
1.3451734578209447;0.0;0.016647225210830938
1.3350386169632513;0.0;0.016647225210830938
1.351891024310229;0.0;0.016647225210830938
1.3350304573971792;0.0;0.016647225210830938
1.3485115211200585;0.0;0.016647225210830938
1.3485077472461855;0.0;0.016647225210830938
1.345149440336583;0.0;0.016647225210830938
1.3350148375145923;0.0;0.016647225210830938
1.3484956590096349;0.0;0.016647225210830938
1.3283813272657736;0.0;0.016647225210830938
1.351859148592721;0.0;0.016647225210830938
1.3451294002711647;0.0;0.016647225210830938
1.351850927246344;0.0;0.016647225210830938
1.3484759765335388;0.0;0.016647225210830938
1.3484718860028715;0.0;0.016647225210830938
1.3619524926586466;0.0;0.016647225210830938
1.3417715967021195;0.0;0.016647225210830938
1.3653499691705528;0.0;0.016647225210830938
1.3585529489022152;0.0;0.016647225210830938
1.3653415919003176;0.0;0.016647225210830938
1.3450937897304627;0.0;0.016647225210830938
1.3518156193348885;0.0;0.016647225210830938
1.3484404378677481;0.0;0.016647225210830938
1.3484363867033442;0.0;0.016647225210830938
1.3619166019956854;0.0;0.016647225210830938
1.351801171149247;0.0;0.016647225210830938
1.3517971292726902;0.0;0.016647225210830938
1.3450676360873026;0.0;0.016647225210830938
1.3551768370936337;0.0;0.016647225210830938
1.3484138191453325;0.0;0.016647225210830938
1.3450554409515278;0.0;0.016647225210830938
1.3652944058572773;0.0;0.016647225210830938
1.3517725420782494;0.0;0.016647225210830938
1.3517683882444944;0.0;0.016647225210830938
1.3450390957689033;0.0;0.016647225210830938
1.3483890707360575;0.0;0.016647225210830938
1.3517559468081854;0.0;0.016647225210830938
1.3652693879656863;0.0;0.016647225210830938
1.3450226785357153;0.0;0.016647225210830938
1.3551315247109912;0.0;0.016647225210830938
1.3450145462057963;0.0;0.016647225210830938
1.3517355421650616;0.0;0.016647225210830938
1.3517318059040961;0.0;0.016647225210830938
1.3483568374133785;1.5521684210526317E-4;0.016647225210830938
1.3652428370972143;0.0;0.016647225210830938
1.3449963724010765;0.0;0.016647225210830938
1.3517195465863439;0.0;0.016647225210830938
1.324950680559311;0.0;0.016647225210830938
1.3416508287140922;0.0;0.016647225210830938
1.3315588591674394;0.0;0.016647225210830938
1.3550851695614856;0.0;0.016647225210830938
1.3483568043272436;0.0;0.016647225210830938
1.3315485485395837;0.0;0.016647225210830938
1.3449944601222055;0.0;0.016647225210830938
1.3282363007876923;0.0;0.016647225210830938
1.3416487658178036;0.0;0.016647225210830938
1.3315323432723416;0.0;0.016647225210830938
1.3550570273577953;0.0;0.016647225210830938
1.3315243148562539;0.0;0.016647225210830938
1.3449699828079893;0.0;0.016647225210830938
1.3282122222110937;0.0;0.016647225210830938
1.344961819411347;0.0;0.016647225210830938
1.3483117002942102;0.0;0.016647225210830938
1.3651951712252408;0.0;0.016647225210830938
1.3483035553190315;0.0;0.016647225210830938
1.3617824874471893;0.0;0.016647225210830938
1.3416039877420352;0.0;0.016647225210830938
1.3516619450837342;0.0;0.016647225210830938
1.3550118246663865;0.0;0.016647225210830938
1.3516537628173524;0.0;0.016647225210830938
1.361761669319241;0.0;0.016647225210830938
1.3482748188700082;0.0;0.016647225210830938
1.351641453158826;0.0;0.016647225210830938
1.34491278014208;0.0;0.016647225210830938
1.3516336309256929;0.0;0.016647225210830938
1.3550180851363531;0.0;0.016647225210830938
1.3617392991333357;0.0;0.016647225210830938
1.3482530283815026;0.0;0.016647225210830938
1.3482489679452188;0.0;0.016647225210830938
1.3516154822798936;0.0;0.016647225210830938
1.3448869771886447;0.0;0.016647225210830938
1.3482367501839565;0.0;0.016647225210830938
1.3617154233991005;0.0;0.016647225210830938
1.354987073246504;0.0;0.016647225210830938
1.344871217702057;0.0;0.016647225210830938
1.3515917315218617;0.0;0.016647225210830938
1.3482171008568384;0.0;0.016647225210830938
1.351583612398882;0.0;0.016647225210830938
1.3482089459936741;0.0;0.016647225210830938
1.348204887637314;0.0;0.016647225210830938
1.3515714961722967;0.0;0.016647225210830938
1.3717400379968714;0.0;0.016647225210830938
1.3448391268108826;0.0;0.016647225210830938
1.348190666221832;0.0;0.016647225210830938
1.3549443797474119;0.0;0.016647225210830938
1.3616643201080172;0.0;0.016647225210830938
1.3448270335124857;0.0;0.016647225210830938
1.3549343433203622;0.0;0.016647225210830938
1.3313706578861435;0.0;0.016647225210830938
1.3414796643377287;0.0;0.016647225210830938
1.348166204461781;0.0;0.016647225210830938
1.331360351780452;0.0;0.016647225210830938
1.3582534643369863;0.0;0.016647225210830938
1.3313535256328006;1.5521684210526317E-4;0.016647225210830938
1.3381400075578975;0.0;0.016647225210830938
1.3313454784581782;0.0;0.016647225210830938
1.3447892737307299;0.0;0.016647225210830938
1.3280337912364952;0.0;0.016647225210830938
1.358229014625136;0.0;0.016647225210830938
1.3313293307607987;0.0;0.016647225210830938
1.3447730011521173;0.0;0.016647225210830938
1.3414320985671628;0.0;0.016647225210830938
1.3313172451510702;0.0;0.016647225210830938
1.3481143122329233;0.0;0.016647225210830938
1.34475678779045;0.0;0.016647225210830938
1.3514764515660092;0.0;0.016647225210830938
1.3514723880342034;0.0;0.016647225210830938
1.3581921044152536;0.0;0.016647225210830938
1.341403677526777;0.0;0.016647225210830938
1.3615707596773354;0.0;0.016647225210830938
1.3480857896685254;0.0;0.016647225210830938
1.375044309640747;0.0;0.016647225210830938
1.3447253806959112;0.0;0.016647225210830938
1.3514454232462756;0.0;0.016647225210830938
1.33792698479723;0.0;0.016647225210830938
1.3514377209128534;0.0;0.016647225210830938
1.3480634817042232;0.0;0.016647225210830938
1.348059467834375;0.0;0.016647225210830938
1.3615359329210177;0.0;0.016647225210830938
1.3514214564463423;0.0;0.016647225210830938
1.3446939445819437;0.0;0.016647225210830938
1.351413315953068;0.0;0.016647225210830938
1.3480391574974409;0.0;0.016647225210830938
1.3547922131467942;0.0;0.016647225210830938
1.3446777086988704;0.0;0.016647225210830938
1.3649110076230626;0.0;0.016647225210830938
1.3480229576439484;0.0;0.016647225210830938
1.3513889178351715;0.0;0.016647225210830938
1.3446615132589013;0.0;0.016647225210830938
1.3412200412887847;0.0;0.016647225210830938
1.348006685835015;0.0;0.016647225210830938
1.3648863701327922;0.0;0.016647225210830938
1.3446458335573086;0.0;0.016647225210830938
1.3513648915062646;0.0;0.016647225210830938
1.3513608332150153;0.0;0.016647225210830938
1.3513586986999482;0.0;0.016647225210830938
1.347986504092654;0.0;0.016647225210830938
1.3614622809698167;0.0;0.016647225210830938
1.3513483924995784;0.0;0.016647225210830938
1.3547311253156011;0.0;0.016647225210830938
1.3513406429073307;0.0;0.016647225210830938
1.3446153946341532;0.0;0.016647225210830938
1.3479644659708192;0.0;0.016647225210830938
1.341270603088618;0.0;0.016647225210830938
1.3446028739252955;0.0;0.016647225210830938
1.341263295343448;0.0;0.016647225210830938
1.3344693533643308;0.0;0.016647225210830938
1.3412552622144878;0.0;0.016647225210830938
1.334461323352544;0.0;0.016647225210830938
1.3412471730883662;0.0;0.016647225210830938
1.344584681510906;0.0;0.016647225210830938
1.3479336591075506;0.0;0.016647225210830938
1.3445781811773145;0.0;0.016647225210830938
1.3278254120824633;1.5521684210526317E-4;0.016647225210830938
1.3479231169480488;0.0;0.016647225210830938
1.3311203425457407;0.0;0.016647225210830938
1.3445619496425756;0.0;0.016647225210830938
1.347910852948208;0.0;0.016647225210830938
1.3412174079433796;0.0;0.016647225210830938
1.3445497733207858;0.0;0.016647225210830938
1.3377556909447939;0.0;0.016647225210830938
1.3478945473223756;0.0;0.016647225210830938
1.3613694659081337;0.0;0.016647225210830938
1.3478873408755705;0.0;0.016647225210830938
1.3748409830918564;0.0;0.016647225210830938
1.3345668676859344;0.0;0.016647225210830938
1.3647573499771648;0.0;0.016647225210830938
1.3445182013036745;0.0;0.016647225210830938
1.3545897225030958;0.0;0.016647225210830938
1.3512327444072016;0.0;0.016647225210830938
1.3613376165372741;0.0;0.016647225210830938
1.3512246222208726;0.0;0.016647225210830938
1.3310530811082837;0.0;0.016647225210830938
1.351216754315798;0.0;0.016647225210830938
1.3512127032595933;0.0;0.016647225210830938
1.3512086711457498;0.0;0.016647225210830938
1.361313326533858;0.0;0.016647225210830938
1.351200457464507;0.0;0.016647225210830938
1.347826877475909;0.0;0.016647225210830938
1.3545788040698286;0.0;0.016647225210830938
1.3478189053726257;0.0;0.016647225210830938
1.3478148657381133;0.0;0.016647225210830938
1.3478108075911164;0.0;0.016647225210830938
1.3511762852547333;0.0;0.016647225210830938
1.351172254833742;0.0;0.016647225210830938
1.3511681121306887;0.0;0.016647225210830938
1.347794576902512;0.0;0.016647225210830938
1.3511600522336165;0.0;0.016647225210830938
1.3444337973520206;0.0;0.016647225210830938
1.3646634372998747;0.0;0.016647225210830938
1.3477784614145496;0.0;0.016647225210830938
1.3511438222442373;0.0;0.016647225210830938
1.3477703487180586;0.0;0.016647225210830938
1.3342886667363871;0.0;0.016647225210830938
1.3511335446490365;0.0;0.016647225210830938
1.3680609448567675;0.0;0.016647225210830938
1.347757976562017;0.0;0.016647225210830938
1.3477538837937313;0.0;0.016647225210830938
1.3477498099058336;0.0;0.016647225210830938
1.3377396621865811;0.0;0.016647225210830938
1.3410580802608472;0.0;0.016647225210830938
1.3309460271610327;0.0;0.016647225210830938
1.3646192110951985;0.0;0.016647225210830938
1.3276357196519455;0.0;0.016647225210830938
1.341042110224986;0.0;0.016647225210830938
1.3342502418378652;0.0;0.016647225210830938
1.3443712153842262;0.0;0.016647225210830938
1.3276209235736713;0.0;0.016647225210830938
1.361192811452817;0.0;0.016647225210830938
1.327612956101438;0.0;0.016647225210830938
1.3510768173813024;0.0;0.016647225210830938
1.3309074893464432;0.0;0.016647225210830938
1.3376921465746192;0.0;0.016647225210830938
1.3477007951677669;1.5521684210526317E-4;0.016647225210830938
1.3309016780794864;0.0;0.016647225210830938
1.364574402553472;0.0;0.016647225210830938
1.3342135901538679;0.0;0.016647225210830938
1.3476864618146434;0.0;0.016647225210830938
1.354437729106683;0.0;0.016647225210830938
1.3476783957973821;0.0;0.016647225210830938
1.3510435489780444;0.0;0.016647225210830938
1.3577610583242612;0.0;0.016647225210830938
1.3543877779181976;0.0;0.016647225210830938
1.3611388132611837;0.0;0.016647225210830938
1.3443057014153068;0.0;0.016647225210830938
1.3476540342638295;0.0;0.016647225210830938
1.3476500026708007;0.0;0.016647225210830938
1.3476459339384694;0.0;0.016647225210830938
1.367940951035298;0.0;0.016647225210830938
1.3476378530323416;0.0;0.016647225210830938
1.3341575024447625;0.0;0.016647225210830938
1.3509988660189676;0.0;0.016647225210830938
1.361102018686139;0.0;0.016647225210830938
1.3476217307982221;0.0;0.016647225210830938
1.3509870441106062;0.0;0.016647225210830938
1.3476139692064215;0.0;0.016647225210830938
1.3543671590872313;0.0;0.016647225210830938
1.3442559033152794;0.0;0.016647225210830938
1.3476040957238127;0.0;0.016647225210830938
1.3543549728176556;0.0;0.016647225210830938
1.36107242167468;0.0;0.016647225210830938
1.3509614093372386;0.0;0.016647225210830938
1.3442361896676591;0.0;0.016647225210830938
1.3374437802523267;0.0;0.016647225210830938
1.3509492002592358;0.0;0.016647225210830938
1.3509455920856301;0.0;0.016647225210830938
1.3442213818929454;0.0;0.016647225210830938
1.3678682045528496;0.0;0.016647225210830938
1.3509351792584696;0.0;0.016647225210830938
1.350931141761893;0.0;0.016647225210830938
1.3475582089308131;0.0;0.016647225210830938
1.3475541632341743;0.0;0.016647225210830938
1.3475500617992522;0.0;0.016647225210830938
1.3509149002127365;0.0;0.016647225210830938
1.3644241708782956;0.0;0.016647225210830938
1.3340666522410343;0.0;0.016647225210830938
1.3509072469202208;0.0;0.016647225210830938
1.3642803896939908;0.0;0.016647225210830938
1.3307387124995704;0.0;0.016647225210830938
1.3408409837012647;0.0;0.016647225210830938
1.3408369225363368;0.0;0.016647225210830938
1.3475203072564887;0.0;0.016647225210830938
1.3408288193229132;0.0;0.016647225210830938
1.334037134608027;0.0;0.016647225210830938
1.3441559616852965;0.0;0.016647225210830938
1.3307103356691452;0.0;0.016647225210830938
1.3408124483371553;0.0;0.016647225210830938
1.3474956562611804;0.0;0.016647225210830938
1.3441395515444197;0.0;0.016647225210830938
1.3306942191751454;0.0;0.016647225210830938
1.344131412677226;0.0;0.016647225210830938
1.3373405803935476;0.0;0.016647225210830938
1.340789474129565;0.0;0.016647225210830938
1.347472531360333;1.5521684210526317E-4;0.016647225210830938
1.3407814454627596;0.0;0.016647225210830938
1.344112691431388;0.0;0.016647225210830938
1.3474619331704842;0.0;0.016647225210830938
1.3542120671020943;0.0;0.016647225210830938
1.3474557985875955;0.0;0.016647225210830938
1.370983060955802;0.0;0.016647225210830938
1.3373156143547569;0.0;0.016647225210830938
1.3474527228815498;0.0;0.016647225210830938
1.3440967644717234;0.0;0.016647225210830938
1.354200012127752;0.0;0.016647225210830938
1.3609166171433995;0.0;0.016647225210830938
1.347439125089426;0.0;0.016647225210830938
1.350803598556316;0.0;0.016647225210830938
1.3507995677110036;0.0;0.016647225210830938
1.3440751612468047;0.0;0.016647225210830938
1.3642993839567517;0.0;0.016647225210830938
1.3474187428592967;0.0;0.016647225210830938
1.3372753716204289;0.0;0.016647225210830938
1.3474105354819381;0.0;0.016647225210830938
1.347408223066347;0.0;0.016647225210830938
1.3507726767628447;0.0;0.016647225210830938
1.3574892927579671;0.0;0.016647225210830938
1.350765877603017;0.0;0.016647225210830938
1.3473962072435317;0.0;0.016647225210830938
1.3473933701067753;0.0;0.016647225210830938
1.354142986305372;0.0;0.016647225210830938
1.3608589324069194;0.0;0.016647225210830938
1.347380998062476;0.0;0.016647225210830938
1.3507458422798184;0.0;0.016647225210830938
1.3473756485832458;0.0;0.016647225210830938
1.347371621548127;0.0;0.016647225210830938
1.3642433642915464;0.0;0.016647225210830938
1.3507319167511134;0.0;0.016647225210830938
1.3473597324750342;0.0;0.016647225210830938
1.3473557153687428;0.0;0.016647225210830938
1.3440019838182913;0.0;0.016647225210830938
1.337210750338451;0.0;0.016647225210830938
1.360819398768627;0.0;0.016647225210830938
1.3540974185894192;0.0;0.016647225210830938
1.3473397434599976;0.0;0.016647225210830938
1.347336545459293;0.0;0.016647225210830938
1.337328101713583;0.0;0.016647225210830938
1.337191083110909;0.0;0.016647225210830938
1.3642013648628648;0.0;0.016647225210830938
1.3338488138713718;0.0;0.016647225210830938
1.3506864070406412;0.0;0.016647225210830938
1.3305228332945847;0.0;0.016647225210830938
1.3473100355632621;0.0;0.016647225210830938
1.3473060209052679;0.0;0.016647225210830938
1.3338288943732606;0.0;0.016647225210830938
1.3641732863145652;0.0;0.016647225210830938
1.3371559331311236;0.0;0.016647225210830938
1.340603986245634;0.0;0.016647225210830938
1.333813377133058;0.0;0.016647225210830938
1.3506503384205844;0.0;0.016647225210830938
1.3338051546038274;0.0;0.016647225210830938
1.3607465194411779;0.0;0.016647225210830938
1.3337969606286824;0.0;0.016647225210830938
1.3506351113819741;0.0;0.016647225210830938
1.3371247962914472;1.5521684210526317E-4;0.016647225210830938
1.347259575324505;0.0;0.016647225210830938
1.3337837644684243;0.0;0.016647225210830938
1.3641273843755064;0.0;0.016647225210830938
1.333776482669596;0.0;0.016647225210830938
1.3472448677847249;0.0;0.016647225210830938
1.3337703497359876;0.0;0.016647225210830938
1.3472387289523067;0.0;0.016647225210830938
1.3472346248730174;0.0;0.016647225210830938
1.3337583260797146;0.0;0.016647225210830938
1.3573140459548696;0.0;0.016647225210830938
1.3337504544478929;0.0;0.016647225210830938
1.350586806623422;0.0;0.016647225210830938
1.330425477549727;0.0;0.016647225210830938
1.3505800970174353;0.0;0.016647225210830938
1.3472080569141105;0.0;0.016647225210830938
1.3674965003097983;0.0;0.016647225210830938
1.3471999819129579;0.0;0.016647225210830938
1.3438446647138649;0.0;0.016647225210830938
1.3471918519846855;0.0;0.016647225210830938
1.3606596089445526;0.0;0.016647225210830938
1.3572709381863532;0.0;0.016647225210830938
1.347179751292312;0.0;0.016647225210830938
1.3438246797163356;0.0;0.016647225210830938
1.3505398592425555;0.0;0.016647225210830938
1.3471683730600723;0.0;0.016647225210830938
1.3505322202909071;0.0;0.016647225210830938
1.3606318111468327;0.0;0.016647225210830938
1.3471562015579557;0.0;0.016647225210830938
1.3370148095420338;0.0;0.016647225210830938
1.3505161229418228;0.0;0.016647225210830938
1.3471446640119495;0.0;0.016647225210830938
1.3572954352919862;0.0;0.016647225210830938
1.3606083761030465;0.0;0.016647225210830938
1.3471328883800857;0.0;0.016647225210830938
1.350496611434239;0.0;0.016647225210830938
1.3369882400661104;0.0;0.016647225210830938
1.3437708778809208;0.0;0.016647225210830938
1.3572051183545624;0.0;0.016647225210830938
1.3605856054884011;0.0;0.016647225210830938
1.3504782688837482;0.0;0.016647225210830938
1.3538607726860645;0.0;0.016647225210830938
1.3369673387127996;0.0;0.016647225210830938
1.350468115066547;0.0;0.016647225210830938
1.3437452811144712;0.0;0.016647225210830938
1.367383050650368;0.0;0.016647225210830938
1.3504584638879298;0.0;0.016647225210830938
1.3470866587996069;0.0;0.016647225210830938
1.3504503057809152;0.0;0.016647225210830938
1.3336077912570252;0.0;0.016647225210830938
1.363946635632696;0.0;0.016647225210830938
1.350438060818796;0.0;0.016647225210830938
1.350434084817433;0.0;0.016647225210830938
1.3470623324351407;0.0;0.016647225210830938
1.3504258268641962;0.0;0.016647225210830938
1.3504236525578397;0.0;0.016647225210830938
1.3470519544999455;0.0;0.016647225210830938
1.3538001469142007;0.0;0.016647225210830938
1.3436954910670524;0.0;0.016647225210830938
1.3537943868362492;0.0;0.016647225210830938
1.3436884663709074;1.5521684210526317E-4;0.016647225210830938
1.3302530924209246;0.0;0.016647225210830938
1.357130636978985;0.0;0.016647225210830938
1.3436927669271796;7.760842105263158E-5;0.016647225210830938
1.3302522182636332;0.0;0.016647225210830938
1.347035879718034;0.0;0.016647225210830938
1.3302442796659781;0.0;0.016647225210830938
1.357114561141986;0.0;0.016647225210830938
1.3302369997941097;0.0;0.016647225210830938
1.3470210293090978;0.0;0.016647225210830938
1.3269286324561642;0.0;0.016647225210830938
1.3368778402265482;0.0;0.016647225210830938
1.357096783114117;0.0;0.016647225210830938
1.3302196294984465;0.0;0.016647225210830938
1.350370267850092;0.0;0.016647225210830938
1.3335291609205118;0.0;0.016647225210830938
1.3503639035553476;0.0;0.016647225210830938
1.3302051411423539;0.0;0.016647225210830938
1.3672780928500923;0.0;0.016647225210830938
1.336848875742765;0.0;0.016647225210830938
1.3469808092247861;0.0;0.016647225210830938
1.333507189906814;0.0;0.016647225210830938
1.346972998307902;0.0;0.016647225210830938
1.3469689447509974;0.0;0.016647225210830938
1.346964909892629;0.0;0.016647225210830938
1.3368250864767528;0.0;0.016647225210830938
1.3469572979695499;0.0;0.016647225210830938
1.3436030507510266;0.0;0.016647225210830938
1.340164354296019;0.0;0.016647225210830938
1.3638180752682998;0.0;0.016647225210830938
1.3503107337422013;0.0;0.016647225210830938
1.3798770798237157;0.0;0.016647225210830938
1.3368021541356883;0.0;0.016647225210830938
1.363804193142108;0.0;0.016647225210830938
1.3570150715877942;0.0;0.016647225210830938
1.3367902559120999;0.0;0.016647225210830938
1.350289163480518;0.0;0.016647225210830938
1.3469178077511372;0.0;0.016647225210830938
1.3570671778046874;0.0;0.016647225210830938
1.3569955623440524;0.0;0.016647225210830938
1.333437609464165;0.0;0.016647225210830938
1.346905474966424;0.0;0.016647225210830938
1.3536529590027158;0.0;0.016647225210830938
1.3502648034981195;0.0;0.016647225210830938
1.3603624074703602;0.0;0.016647225210830938
1.336755687251254;0.0;0.016647225210830938
1.350269214787418;0.0;0.016647225210830938
1.3536512304986885;0.0;0.016647225210830938
1.3435453530680146;0.0;0.016647225210830938
1.363763539946075;0.0;0.016647225210830938
1.34688972115123;0.0;0.016647225210830938
1.3367503941494838;0.0;0.016647225210830938
1.3468817157438857;0.0;0.016647225210830938
1.3502471830508966;0.0;0.016647225210830938
1.3569607332853366;0.0;0.016647225210830938
1.3536231609543867;0.0;0.016647225210830938
1.3333992695637265;0.0;0.016647225210830938
1.3502310979263774;0.0;0.016647225210830938
1.3502270956415618;0.0;0.016647225210830938
1.3468578217786615;0.0;0.016647225210830938
1.3637250467841757;1.5521684210526317E-4;0.016647225210830938
1.336718390890291;0.0;0.016647225210830938
1.346849489997558;0.0;0.016647225210830938
1.3468463670034765;0.0;0.016647225210830938
1.3535935209634316;0.0;0.016647225210830938
1.3603087295279022;0.0;0.016647225210830938
1.3367032272538681;0.0;0.016647225210830938
1.3535874948812894;0.0;0.016647225210830938
1.3434839963739533;0.0;0.016647225210830938
1.350197816153543;0.0;0.016647225210830938
1.3602949230729642;0.0;0.016647225210830938
1.3535755711891158;0.0;0.016647225210830938
1.326735186964414;0.0;0.016647225210830938
1.3468165354092743;0.0;0.016647225210830938
1.3267273081347357;0.0;0.016647225210830938
1.3468085007334916;0.0;0.016647225210830938
1.3401205996457757;0.0;0.016647225210830938
1.3468004852745439;0.0;0.016647225210830938
1.326711479901577;0.0;0.016647225210830938
1.3501594517373519;0.0;0.016647225210830938
1.3300038974614392;0.0;0.016647225210830938
1.3434342649201545;0.0;0.016647225210830938
1.3434302313460518;0.0;0.016647225210830938
1.346776480294991;0.0;0.016647225210830938
1.333304694389519;0.0;0.016647225210830938
1.3400846614856718;0.0;0.016647225210830938
1.3201283993211006;0.0;0.016647225210830938
1.3434224598190536;0.0;0.016647225210830938
1.3434191366060149;0.0;0.016647225210830938
1.346765692831888;0.0;0.016647225210830938
1.346762564537138;0.0;0.016647225210830938
1.3366248880441587;0.0;0.016647225210830938
1.346755153885584;0.0;0.016647225210830938
1.3434010215991516;0.0;0.016647225210830938
1.3771164052952858;0.0;0.016647225210830938
1.343393105614423;0.0;0.016647225210830938
1.360206582062322;0.0;0.016647225210830938
1.3299512291192621;0.0;0.016647225210830938
1.3601985121832378;0.0;0.016647225210830938
1.3433771101868377;0.0;0.016647225210830938
1.3467250404806808;0.0;0.016647225210830938
1.3635887365425141;0.0;0.016647225210830938
1.3500838630286875;0.0;0.016647225210830938
1.3433629794071424;0.0;0.016647225210830938
1.3500757997429622;0.0;0.016647225210830938
1.3433550670155496;0.0;0.016647225210830938
1.353451439774236;0.0;0.016647225210830938
1.346697074481625;0.0;0.016647225210830938
1.3601600587808618;0.0;0.016647225210830938
1.3500558297080398;0.0;0.016647225210830938
1.3466851050049067;0.0;0.016647225210830938
1.3365473828592251;0.0;0.016647225210830938
1.3466771385710539;0.0;0.016647225210830938
1.3736065999351452;0.0;0.016647225210830938
1.3500358642905357;0.0;0.016647225210830938
1.3466651165521248;0.0;0.016647225210830938
1.3365274908350153;0.0;0.016647225210830938
1.3466571335311928;0.0;0.016647225210830938
1.3500205140575448;0.0;0.016647225210830938
1.3635166874784952;0.0;0.016647225210830938
1.3466458052501538;1.5521684210526317E-4;0.016647225210830938
1.3466417684795307;0.0;0.016647225210830938
1.3500043816604779;0.0;0.016647225210830938
1.3366359200327924;0.0;0.016647225210830938
1.353381705632009;0.0;0.016647225210830938
1.3567106499974122;0.0;0.016647225210830938
1.3499925510786004;0.0;0.016647225210830938
1.3432721261441751;0.0;0.016647225210830938
1.3499844965538002;0.0;0.016647225210830938
1.3533658279312784;0.0;0.016647225210830938
1.3265296304303869;0.0;0.016647225210830938
1.3499743044628203;0.0;0.016647225210830938
1.3399207981392478;0.0;0.016647225210830938
1.3465996970832632;0.0;0.016647225210830938
1.339912842394795;0.0;0.016647225210830938
1.3364586360373996;0.0;0.016647225210830938
1.339904905717828;0.0;0.016647225210830938
1.3331178706431093;0.0;0.016647225210830938
1.3365803748367298;0.0;0.016647225210830938
1.346576598197159;0.0;0.016647225210830938
1.343223726890746;0.0;0.016647225210830938
1.3264878039370425;0.0;0.016647225210830938
1.349931832931804;0.0;0.016647225210830938
1.3297796503929982;0.0;0.016647225210830938
1.343207782171528;0.0;0.016647225210830938
1.333088699601008;0.0;0.016647225210830938
1.3566326066740284;0.0;0.016647225210830938
1.333080788677356;0.0;0.016647225210830938
1.3431926300848065;0.0;0.016647225210830938
1.3465383077296222;0.0;0.016647225210830938
1.3431846700312404;0.0;0.016647225210830938
1.339746990404112;0.0;0.016647225210830938
1.3465262503581867;0.0;0.016647225210830938
1.359987497302807;0.0;0.016647225210830938
1.3566005318452634;0.0;0.016647225210830938
1.3431648227909654;0.0;0.016647225210830938
1.3633754656046104;0.0;0.016647225210830938
1.339823923497181;0.0;0.016647225210830938
1.3498689991105013;0.0;0.016647225210830938
1.3633640793558512;0.0;0.016647225210830938
1.3363646761900139;0.0;0.016647225210830938
1.3464933618815405;0.0;0.016647225210830938
1.3498555373678096;0.0;0.016647225210830938
1.3498515718592463;0.0;0.016647225210830938
1.349847569647103;0.0;0.016647225210830938
1.3599421665071267;0.0;0.016647225210830938
1.346473327138416;0.0;0.016647225210830938
1.3363371719717179;0.0;0.016647225210830938
1.3498315442160258;0.0;0.016647225210830938
1.3498275613718473;0.0;0.016647225210830938
1.346457379948311;0.0;0.016647225210830938
1.3498195224874803;0.0;0.016647225210830938
1.3633137142209435;0.0;0.016647225210830938
1.332980990037393;0.0;0.016647225210830938
1.3498075393034534;0.0;0.016647225210830938
1.346437482295647;0.0;0.016647225210830938
1.3464334738986816;0.0;0.016647225210830938
1.346429502460244;0.0;0.016647225210830938
1.363289492368247;0.0;0.016647225210830938
1.3362897196476733;1.5521684210526317E-4;0.016647225210830938
1.3497835226426993;0.0;0.016647225210830938
1.3464134714805602;0.0;0.016647225210830938
1.3497754878630321;0.0;0.016647225210830938
1.3497715076073584;0.0;0.016647225210830938
1.3598655389633947;0.0;0.016647225210830938
1.3362659121708165;0.0;0.016647225210830938
1.343044471472174;0.0;0.016647225210830938
1.3497557327300773;0.0;0.016647225210830938
1.349751734967746;0.0;0.016647225210830938
1.349747755812408;0.0;0.016647225210830938
1.3598415920241596;0.0;0.016647225210830938
1.3598376391436349;0.0;0.016647225210830938
1.3430207158691214;0.0;0.016647225210830938
1.3362363347551487;0.0;0.016647225210830938
1.346363765362624;0.0;0.016647225210830938
1.3531084678538423;0.0;0.016647225210830938
1.3497236043453333;0.0;0.016647225210830938
1.3564346125831668;0.0;0.016647225210830938
1.3497156121674614;0.0;0.016647225210830938
1.3362145366515232;0.0;0.016647225210830938
1.346341941887032;0.0;0.016647225210830938
1.342988838693243;0.0;0.016647225210830938
1.3328706495828466;0.0;0.016647225210830938
1.339648862376545;0.0;0.016647225210830938
1.349692123493914;0.0;0.016647225210830938
1.3396408507555961;0.0;0.016647225210830938
1.3328550557881915;0.0;0.016647225210830938
1.339633396385328;0.0;0.016647225210830938
1.336179904382735;0.0;0.016647225210830938
1.3396254859628127;0.0;0.016647225210830938
1.3429538954252256;0.0;0.016647225210830938
1.3462988872625268;0.0;0.016647225210830938
1.3462948854364274;0.0;0.016647225210830938
1.3262134621475896;0.0;0.016647225210830938
1.3496526731521434;0.0;0.016647225210830938
1.3262055968514612;0.0;0.016647225210830938
1.3597417244053787;0.0;0.016647225210830938
1.3328122574913694;0.0;0.016647225210830938
1.3429220373883293;0.0;0.016647225210830938
1.3294888844674346;0.0;0.016647225210830938
1.3429146055498358;0.0;0.016647225210830938
1.3294820556175084;0.0;0.016647225210830938
1.3631179674081235;0.0;0.016647225210830938
1.3496178136609918;0.0;0.016647225210830938
1.3496138040231778;0.0;0.016647225210830938
1.3395630532808676;0.0;0.016647225210830938
1.3597026237504177;0.0;0.016647225210830938
1.3462361674212404;0.0;0.016647225210830938
1.3596945272664573;0.0;0.016647225210830938
1.3563086121611125;0.0;0.016647225210830938
1.3462264817855694;0.0;0.016647225210830938
1.349589431415729;0.0;0.016647225210830938
1.3563007393395214;0.0;0.016647225210830938
1.3327556048959686;0.0;0.016647225210830938
1.359676533835606;0.0;0.016647225210830938
1.3529583507466576;0.0;0.016647225210830938
1.3462064678420145;0.0;0.016647225210830938
1.3462024520594327;0.0;0.016647225210830938
1.3529463351565794;0.0;0.016647225210830938
1.3461945127313666;1.5521684210526317E-4;0.016647225210830938
1.3630515520525481;0.0;0.016647225210830938
1.342837833028424;0.0;0.016647225210830938
1.3428339013104615;0.0;0.016647225210830938
1.356258232533357;0.0;0.016647225210830938
1.3461746584562644;0.0;0.016647225210830938
1.3495361442732132;0.0;0.016647225210830938
1.3495321017519508;0.0;0.016647225210830938
1.3562422032287642;0.0;0.016647225210830938
1.3461587856713142;0.0;0.016647225210830938
1.336024939269131;0.0;0.016647225210830938
1.3461507954025933;0.0;0.016647225210830938
1.3495122226596603;0.0;0.016647225210830938
1.3528568920436737;0.0;0.016647225210830938
1.3629992371109882;0.0;0.016647225210830938
1.352884321587312;0.0;0.016647225210830938
1.35959412095524;0.0;0.016647225210830938
1.3195071586445355;0.0;0.016647225210830938
1.349492596656369;0.0;0.016647225210830938
1.33266207003284;0.0;0.016647225210830938
1.3461193461693375;0.0;0.016647225210830938
1.3595765063504242;0.0;0.016647225210830938
1.3393302153968571;0.0;0.016647225210830938
1.3427588957086545;0.0;0.016647225210830938
1.339322360973003;0.0;0.016647225210830938
1.3460996021906388;0.0;0.016647225210830938
1.3326346899291095;0.0;0.016647225210830938
1.3494569383630743;0.0;0.016647225210830938
1.3427392035924866;0.0;0.016647225210830938
1.349448861047378;0.0;0.016647225210830938
1.3359505754825172;0.0;0.016647225210830938
1.3427273325330815;0.0;0.016647225210830938
1.3392908070732106;0.0;0.016647225210830938
1.3393875418832455;0.0;0.016647225210830938
1.3392828105742693;0.0;0.016647225210830938
1.3595203869281098;0.0;0.016647225210830938
1.3427077049000768;0.0;0.016647225210830938
1.3392712123282033;0.0;0.016647225210830938
1.3427001042678937;0.0;0.016647225210830938
1.3359155269087328;0.0;0.016647225210830938
1.3494055866333134;0.0;0.016647225210830938
1.3325783394306028;0.0;0.016647225210830938
1.3561132559866926;0.0;0.016647225210830938
1.33590183015402;0.0;0.016647225210830938
1.346026722114699;0.0;0.016647225210830938
1.3325628318898017;0.0;0.016647225210830938
1.3426707310729784;0.0;0.016647225210830938
1.3292401210078724;0.0;0.016647225210830938
1.3460110967134127;0.0;0.016647225210830938
1.3594671426142737;0.0;0.016647225210830938
1.329228215104158;0.0;0.016647225210830938
1.3426517518923777;0.0;0.016647225210830938
1.3358673483759345;0.0;0.016647225210830938
1.345991998799924;0.0;0.016647225210830938
1.3493529814866014;0.0;0.016647225210830938
1.3459840425906047;0.0;0.016647225210830938
1.3694844276319598;0.0;0.016647225210830938
1.362569694321011;0.0;0.016647225210830938
1.34933781906737;0.0;0.016647225210830938
1.3493347209092108;0.0;0.016647225210830938
1.3426185119715124;1.5521684210526317E-4;0.016647225210830938
1.3459631587659184;0.0;0.016647225210830938
1.3493239790478013;0.0;0.016647225210830938
1.362813220128105;0.0;0.016647225210830938
1.3493160609921262;0.0;0.016647225210830938
1.3459471427451797;0.0;0.016647225210830938
1.3425950219455678;0.0;0.016647225210830938
1.3493040936484588;0.0;0.016647225210830938
1.3459351875287233;0.0;0.016647225210830938
1.3627890281562323;0.0;0.016647225210830938
1.3492921096475095;0.0;0.016647225210830938
1.3459232705313502;0.0;0.016647225210830938
1.345919213281325;0.0;0.016647225210830938
1.3391351639536346;0.0;0.016647225210830938
1.3425632258512543;0.0;0.016647225210830938
1.3492720850684672;0.0;0.016647225210830938
1.3694063842476198;0.0;0.016647225210830938
1.3458992953340503;0.0;0.016647225210830938
1.3526416363553615;0.0;0.016647225210830938
1.3425433592928888;0.0;0.016647225210830938
1.3324283828885237;0.0;0.016647225210830938
1.3492484347838236;0.0;0.016647225210830938
1.3526278926786337;0.0;0.016647225210830938
1.359336394661994;0.0;0.016647225210830938
1.3425256739174394;0.0;0.016647225210830938
1.349236227459259;0.0;0.016647225210830938
1.3525801516053766;0.0;0.016647225210830938
1.335735943879978;0.0;0.016647225210830938
1.3458618146047425;0.0;0.016647225210830938
1.3425099101933915;0.0;0.016647225210830938
1.3492183406957894;0.0;0.016647225210830938
1.342501822565298;0.0;0.016647225210830938
1.3290729108162027;0.0;0.016647225210830938
1.3458417113300367;0.0;0.016647225210830938
1.3424898578666609;0.0;0.016647225210830938
1.3323761421453952;0.0;0.016647225210830938
1.3424834531349223;0.0;0.016647225210830938
1.3458273854925369;0.0;0.016647225210830938
1.3424759827553008;0.0;0.016647225210830938
1.3323616617258673;0.0;0.016647225210830938
1.342468025852401;0.0;0.016647225210830938
1.329039416214012;0.0;0.016647225210830938
1.345807859897107;0.0;0.016647225210830938
1.3323463845139936;0.0;0.016647225210830938
1.352513154463276;0.0;0.016647225210830938
1.3491613797132886;0.0;0.016647225210830938
1.325722914029474;0.0;0.016647225210830938
1.3424416125976257;0.0;0.016647225210830938
1.3323274797545852;0.0;0.016647225210830938
1.3357888532457003;0.0;0.016647225210830938
1.359235981201122;0.0;0.016647225210830938
1.3491386209881528;0.0;0.016647225210830938
1.3424251964821468;0.0;0.016647225210830938
1.3558469671939508;0.0;0.016647225210830938
1.34576734444973;0.0;0.016647225210830938
1.3558408853247073;0.0;0.016647225210830938
1.3457612715192975;0.0;0.016647225210830938
1.3626138286596858;0.0;0.016647225210830938
1.3424067654496181;0.0;0.016647225210830938
1.3524960717108674;0.0;0.016647225210830938
1.3457464065369624;1.5521684210526317E-4;0.016647225210830938
1.3356156828283294;0.0;0.016647225210830938
1.3457384005784694;0.0;0.016647225210830938
1.3625896750545154;0.0;0.016647225210830938
1.3490946847969278;0.0;0.016647225210830938
1.3457264750939015;0.0;0.016647225210830938
1.3423747500206475;0.0;0.016647225210830938
1.3524637804083408;0.0;0.016647225210830938
1.3490786548833127;0.0;0.016647225210830938
1.3591674986774032;0.0;0.016647225210830938
1.3490705953618598;0.0;0.016647225210830938
1.3322453501694438;0.0;0.016647225210830938
1.345698327324567;0.0;0.016647225210830938
1.3490586262669861;0.0;0.016647225210830938
1.3456904534389407;0.0;0.016647225210830938
1.3490505868958576;0.0;0.016647225210830938
1.359139203610785;0.0;0.016647225210830938
1.3456784799588515;0.0;0.016647225210830938
1.3490386388579645;0.0;0.016647225210830938
1.3456704985688273;0.0;0.016647225210830938
1.345666471711488;0.0;0.016647225210830938
1.3388837434128684;0.0;0.016647225210830938
1.3625130116232183;0.0;0.016647225210830938
1.3423073022273289;0.0;0.016647225210830938
1.3490148025586988;0.0;0.016647225210830938
1.3490108578786209;0.0;0.016647225210830938
1.3456446248571774;0.0;0.016647225210830938
1.3456407972869242;0.0;0.016647225210830938
1.3624908540013387;0.0;0.016647225210830938
1.3489987792508873;0.0;0.016647225210830938
1.3456316190371242;0.0;0.016647225210830938
1.3456276669604712;0.0;0.016647225210830938
1.3321692960195273;0.0;0.016647225210830938
1.3456215633624151;0.0;0.016647225210830938
1.3489816193141966;0.0;0.016647225210830938
1.355690876470587;0.0;0.016647225210830938
1.332155339928454;0.0;0.016647225210830938
1.342260239232311;0.0;0.016647225210830938
1.328834810252595;0.0;0.016647225210830938
1.3523464708981758;0.0;0.016647225210830938
1.328828661435403;0.0;0.016647225210830938
1.3556725084817853;0.0;0.016647225210830938
1.328824434149845;0.0;0.016647225210830938
1.3489546155926913;0.0;0.016647225210830938
1.3321308040460744;0.0;0.016647225210830938
1.3455827208976856;0.0;0.016647225210830938
1.3354532548428395;0.0;0.016647225210830938
1.3624280910910496;0.0;0.016647225210830938
1.328801282635688;0.0;0.016647225210830938
1.348930658167042;0.0;0.016647225210830938
1.3321070743764938;0.0;0.016647225210830938
1.3455589187618309;0.0;0.016647225210830938
1.3354297797321655;0.0;0.016647225210830938
1.3590065895360497;0.0;0.016647225210830938
1.3320915511663085;0.0;0.016647225210830938
1.3455430551700107;0.0;0.016647225210830938
1.3354138533315838;0.0;0.016647225210830938
1.3455350687268104;0.0;0.016647225210830938
1.3320757560225347;0.0;0.016647225210830938
1.3589823538593395;0.0;0.016647225210830938
1.3287541950464565;1.5521684210526317E-4;0.016647225210830938
1.3455190798885142;0.0;0.016647225210830938
1.3421680443066775;0.0;0.016647225210830938
1.3254454113182401;0.0;0.016647225210830938
1.3455073423547514;0.0;0.016647225210830938
1.3623558446225184;0.0;0.016647225210830938
1.3353745848576848;0.0;0.016647225210830938
1.345495540721558;0.0;0.016647225210830938
1.3522358773097372;0.0;0.016647225210830938
1.3589424710353741;0.0;0.016647225210830938
1.338806293510813;0.0;0.016647225210830938
1.3589345017719165;0.0;0.016647225210830938
1.3488394309929124;0.0;0.016647225210830938
1.3454720199556467;0.0;0.016647225210830938
1.3421212124294222;0.0;0.016647225210830938
1.3488278824878386;0.0;0.016647225210830938
1.3421142251949796;0.0;0.016647225210830938
1.3522013640721957;0.0;0.016647225210830938
1.3623051496403433;0.0;0.016647225210830938
1.3488129534490219;0.0;0.016647225210830938
1.3454458199048853;0.0;0.016647225210830938
1.33198745783805;0.0;0.016647225210830938
1.3488015101027853;0.0;0.016647225210830938
1.3487994327859274;0.0;0.016647225210830938
1.3588862744383976;0.0;0.016647225210830938
1.3555693562297426;0.0;0.016647225210830938
1.3420771894267574;0.0;0.016647225210830938
1.32865297015036;0.0;0.016647225210830938
1.3487801056142914;0.0;0.016647225210830938
1.3487761720745928;0.0;0.016647225210830938
1.3622599978859216;0.0;0.016647225210830938
1.3487682422726868;0.0;0.016647225210830938
1.3454007709353533;0.0;0.016647225210830938
1.3352727907250537;0.0;0.016647225210830938
1.3720682465595857;0.0;0.016647225210830938
1.342043549810157;0.0;0.016647225210830938
1.3521311096588855;0.0;0.016647225210830938
1.358838087127537;0.0;0.016647225210830938
1.3487437368335304;0.0;0.016647225210830938
1.3319226363645311;0.0;0.016647225210830938
1.3487377298731869;0.0;0.016647225210830938
1.3487337983237049;0.0;0.016647225210830938
1.345366487137497;0.0;0.016647225210830938
1.3588161180653189;0.0;0.016647225210830938
1.3521022239199025;0.0;0.016647225210830938
1.345356520823666;0.0;0.016647225210830938
1.345352581786682;0.0;0.016647225210830938
1.3420019864101496;0.0;0.016647225210830938
1.348710311737629;0.0;0.016647225210830938
1.3453430058347549;0.0;0.016647225210830938
1.3453392085695752;0.0;0.016647225210830938
1.3453353066873104;0.0;0.016647225210830938
1.32526820259927;0.0;0.016647225210830938
1.3486916226492804;0.0;0.016647225210830938
1.325261356215765;0.0;0.016647225210830938
1.3453204448698644;0.0;0.016647225210830938
1.3453164894126004;0.0;0.016647225210830938
1.3419660398397864;0.0;0.016647225210830938
1.331855529178431;0.0;0.016647225210830938
1.3419581676085117;0.0;0.016647225210830938
1.3285356270998239;1.5521684210526317E-4;0.016647225210830938
1.3486609357627553;0.0;0.016647225210830938
1.3386173233742966;0.0;0.016647225210830938
1.3452897466549796;0.0;0.016647225210830938
1.3285198995417848;0.0;0.016647225210830938
1.345281784378337;0.0;0.016647225210830938
1.325215534534824;0.0;0.016647225210830938
1.3486389363519913;0.0;0.016647225210830938
1.3285061287541164;0.0;0.016647225210830938
1.3553407084599711;0.0;0.016647225210830938
1.3351408487593883;0.0;0.016647225210830938
1.341913690161774;0.0;0.016647225210830938
1.3452561919945691;0.0;0.016647225210830938
1.338475350860757;0.0;0.016647225210830938
1.3452482691931558;0.0;0.016647225210830938
1.3620935022042497;0.0;0.016647225210830938
1.3486034843399572;0.0;0.016647225210830938
1.3418900000764669;0.0;0.016647225210830938
1.3519419523436649;0.0;0.016647225210830938
1.3452284382169124;0.0;0.016647225210830938
1.3452249379569496;0.0;0.016647225210830938
1.3586731785524404;0.0;0.016647225210830938
1.3485800969582888;0.0;0.016647225210830938
1.345213013109274;0.0;0.016647225210830938
1.3418627534146674;0.0;0.016647225210830938
1.348568143401993;0.0;0.016647225210830938
1.33507852365582;0.0;0.016647225210830938
1.3552694238104623;0.0;0.016647225210830938
1.3620418634957527;0.0;0.016647225210830938
1.3451892771078433;0.0;0.016647225210830938
1.3485483274291024;0.0;0.016647225210830938
1.3451814329946918;0.0;0.016647225210830938
1.3350549875143585;0.0;0.016647225210830938
1.3485364146250807;0.0;0.016647225210830938
1.3620178724218064;0.0;0.016647225210830938
1.348528516042696;0.0;0.016647225210830938
1.3451616538123188;0.0;0.016647225210830938
