0.0;6.208673684210527E-4;0.010400577138817247
1.8854222407263115;7.760842105263158E-5;0.017035835515437085
1.9832592945194383;0.0;0.017035835515437085
2.001520638708497;0.0;0.017035835515437085
1.9699434230564716;0.0;0.017035835515437085
1.9965609515999845;0.0;0.017035835515437085
2.0198686716438203;0.0;0.017035835515437085
2.018182294026266;0.0;0.017035835515437085
2.0148628645008295;0.0;0.017035835515437085
2.0282078287135437;0.0;0.017035835515437085
2.024910309146432;0.0;0.017035835515437085
2.019873161089472;0.0;0.017172374271109514
2.0114980571582635;0.0;0.017172374271109514
2.038314997928869;0.0;0.017172374271109514
2.014853704178358;0.0;0.017172374271109514
2.0114895700456596;0.0;0.017172374271109514
2.024896358981146;0.0;0.017172374271109514
2.0497888907171395;0.0;0.017172374271109514
1.9950438442434986;0.0;0.017172374271109514
2.0415304516784607;0.0;0.017172374271109514
2.0064778580772873;0.0;0.017172374271109514
1.9930992947372193;0.0;0.017172374271109514
2.0165060849561858;0.0;0.017172374271109514
1.9980672720417234;0.0;0.017172374271109514
2.0064708868705554;0.0;0.017324667498590303
1.998061153597394;0.0;0.017324667498590303
1.9832254775618643;0.0;0.017324667498590303
1.9980617278755857;0.0;0.017324667498590303
2.024878129611278;0.0;0.017324667498590303
1.9930849098275916;0.0;0.017324667498590303
1.9980530847117435;0.0;0.017324667498590303
1.993080318627815;0.0;0.017324667498590303
2.0164858008052042;0.0;0.017324667498590303
2.0064503183176474;0.0;0.017324667498590303
1.9980408616316807;0.0;0.017324667498590303
1.9930674686026544;0.0;0.017324667498590303
2.0114440608109407;0.0;0.017324667498590303
2.006437753730117;0.0;0.017324667498590303
1.9930585484593273;0.0;0.017324667498590303
1.998025455572096;0.0;0.017324667498590303
2.016461568377538;0.0;0.017324667498590303
2.0064267213479274;0.0;0.017324667498590303
2.016455547242508;0.0;0.017324667498590303
2.0114270228735838;0.0;0.017324667498590303
2.014784311675276;0.0;0.017324667498590303
2.028125174971949;0.0;0.017324667498590303
2.0215030171215256;0.0;0.017324667498590303
2.0197899494150167;0.0;0.017324667498590303
2.009788980505198;0.0;0.017324667498590303
2.0349716724368374;0.0;0.017324667498590303
2.0064059899253706;0.0;0.017324667498590303
2.0278824621653047;0.0;0.017324667498590303
2.028107737328918;0.0;0.017324667498590303
2.0400727991878593;0.0;0.017324667498590303
2.01139782159851;0.0;0.017324667498590303
2.001412518784381;0.0;0.017324667498590303
2.0349500838849024;0.0;0.017324667498590303
2.0197617141643724;0.0;0.017324667498590303
2.016414431244133;0.0;0.017324667498590303
2.016411176422337;0.0;0.017324667498590303
2.0063804323563486;0.0;0.017324667498590303
2.0063796663052056;0.0;0.017324667498590303
2.0013988005114927;0.0;0.017324667498590303
2.002964863100495;1.5521684210526317E-4;0.017324667498590303
2.001394201888129;0.0;0.017324667498590303
1.9880484160938638;0.0;0.017324667498590303
2.006366420746193;0.0;0.017324667498590303
1.9880419989155091;0.0;0.017324667498590303
2.0063624853700035;0.0;0.017324667498590303
1.9929835446019493;0.0;0.017324667498590303
2.0013997765501093;0.0;0.017324667498590303
1.9979766327505442;0.0;0.017324667498590303
1.993003860300522;0.0;0.017324667498590303
1.9880558881051158;0.0;0.017324667498590303
2.019752475109965;0.0;0.017324667498590303
1.9880554794302936;0.0;0.017324667498590303
1.9880529216149732;0.0;0.017324667498590303
2.021456505454332;0.0;0.017324667498590303
2.019744296360468;0.0;0.017324667498590303
2.0197410419939943;0.0;0.017324667498590303
2.0331135297693534;0.0;0.017324667498590303
2.0197372621503606;0.0;0.017324667498590303
2.0230448513079664;0.0;0.017324667498590303
2.0163868449913527;0.0;0.017324667498590303
2.0063518837818597;0.0;0.017324667498590303
2.0163804931318934;0.0;0.017324667498590303
2.0298197547977206;0.0;0.017324667498590303
1.9929666601379845;0.0;0.017324667498590303
2.0113430885058756;0.0;0.017324667498590303
2.021421721692189;0.0;0.017324667498590303
2.019708854917186;0.0;0.017324667498590303
2.0113334312847897;0.0;0.017324667498590303
2.011330109373407;0.0;0.017324667498590303
2.0113268133006352;0.0;0.017324667498590303
2.0297943275317447;0.0;0.017324667498590303
2.0063179389951595;0.0;0.017324667498590303
2.0146798113956215;0.0;0.017324667498590303
2.0213991546192513;0.0;0.017324667498590303
2.0247248136149265;0.0;0.017324667498590303
2.0063121241880757;0.0;0.017324667498590303
2.016344920956587;0.0;0.017324667498590303
2.011314028886408;0.0;0.017324667498590303
2.00630747275466;0.0;0.017324667498590303
2.0297813187984604;0.0;0.017324667498590303
1.9929288719751994;0.0;0.017324667498590303
2.002890311648567;0.0;0.017324667498590303
2.011301024025344;0.0;0.017324667498590303
2.0112984137885253;0.0;0.017324667498590303
2.0079008760254933;0.0;0.017324667498590303
1.9929132761932913;0.0;0.017324667498590303
1.9732838836169266;0.0;0.017324667498590303
2.02470981143813;0.0;0.017324667498590303
1.997894233734276;0.0;0.017324667498590303
1.9978910270713628;0.0;0.017324667498590303
1.99291770557776;0.0;0.017324667498590303
2.0213746682080607;0.0;0.017324667498590303
2.006286342059443;0.0;0.017324667498590303
1.9978777313777274;0.0;0.017324667498590303
1.9929045453390617;0.0;0.019816499789612158
2.0062764830564923;0.0;0.019816499789612158
2.011276294739824;0.0;0.019816499789612158
1.992895167073669;0.0;0.019816499789612158
1.997861631541357;0.0;0.019816499789612158
2.0112670653919102;1.5521684210526317E-4;0.019816499789612158
2.011263745643855;0.0;0.019816499789612158
1.992883511422795;0.0;0.019816499789612158
1.9978506106377716;0.0;0.019816499789612158
1.9978487190973422;0.0;0.019816499789612158
2.0062532282584593;0.0;0.019816499789612158
2.034845405616735;0.0;0.019816499789612158
2.019692900850159;0.0;0.019816499789612158
2.0013716033909077;0.0;0.019816499789612158
2.0298282159608863;0.0;0.019816499789612158
2.0197276036315213;0.0;0.019816499789612158
2.0163807935710016;0.0;0.019816499789612158
2.011349169267272;0.0;0.019816499789612158
1.9929670118257412;0.0;0.019816499789612158
2.0298136691303656;0.0;0.019816499789612158
2.016368107891692;0.0;0.025175645949755052
2.0013547222290256;0.0;0.025175645949755052
2.0264942059154123;0.0;0.025175645949755052
2.024741665891844;0.0;0.025175645949755052
2.011329486493891;0.0;0.025175645949755052
2.016354611065264;0.0;0.025175645949755052
2.0113231042415687;0.0;0.025175645949755052
2.0196924100000464;0.0;0.025175645949755052
2.0163452720940276;0.0;0.025175645949755052
2.016342073269634;0.0;0.025175645949755052
2.006307317014744;0.0;0.025175645949755052
2.0348648990849587;0.0;0.025175645949755052
2.001322230103163;0.0;0.025175645949755052
2.0163289257972523;0.0;0.025175645949755052
2.0062942047849734;0.0;0.025175645949755052
2.024702873433465;0.0;0.025175645949755052
2.0163192051356185;0.0;0.025175645949755052
2.0163160585675812;0.0;0.025175645949755052
2.0062812735957793;0.0;0.025175645949755052
2.0163094819800533;0.0;0.025175645949755052
2.0163089895404194;0.0;0.025175645949755052
2.0062743426077985;0.0;0.025175645949755052
2.0196466117904572;0.0;0.025175645949755052
1.9879506116837529;0.0;0.025175645949755052
2.006268223258195;0.0;0.025175645949755052
1.9978596139214002;0.0;0.025175645949755052
1.9879419564371714;0.0;0.025175645949755052
1.9928910644441085;0.0;0.025175645949755052
2.0062629907512246;0.0;0.025175645949755052
1.997854633515867;0.0;0.025175645949755052
1.9830158333778722;0.0;0.025175645949755052
1.98301527032479;0.0;0.025175645949755052
2.0246644266169653;0.0;0.025175645949755052
1.9928745451066772;0.0;0.025175645949755052
1.987926269559619;0.0;0.025175645949755052
1.9978383537896576;0.0;0.025175645949755052
2.0196151896109384;0.0;0.025175645949755052
1.9879170925533816;0.0;0.025175645949755052
2.0213184359386913;0.0;0.025175645949755052
2.0112337043680903;0.0;0.025175645949755052
2.032977154288588;0.0;0.025175645949755052
2.096651644742814;0.0;0.025175645949755052
2.0162557762921205;0.0;0.025175645949755052
1.9962901072484958;0.0;0.025175645949755052
2.0296913737583377;1.5521684210526317E-4;0.025175645949755052
2.021299839851465;0.0;0.025175645949755052
2.0012340358625984;0.0;0.025175645949755052
2.0162400951917707;0.0;0.025175645949755052
2.024617013961245;0.0;0.025175645949755052
2.0112056122104174;0.0;0.025175645949755052
2.011202424486826;0.0;0.025175645949755052
2.02128048769749;0.0;0.025175645949755052
2.0012159250064054;0.0;0.025175645949755052
2.0444336408227506;0.0;0.025175645949755052
2.0027813668497085;0.0;0.025175645949755052
2.0012105266640368;0.0;0.025175645949755052
1.9878657441314656;0.0;0.025175645949755052
2.0162141804673057;0.0;0.025175645949755052
1.9878605986698987;0.0;0.025175645949755052
2.006178766265393;0.0;0.025175645949755052
1.992801134161579;0.0;0.03187129646830693
2.0061730379822755;0.0;0.03187129646830693
1.9927953678220205;0.0;0.03187129646830693
2.00118865018005;0.0;0.03187129646830693
1.9927889506585943;0.0;0.03187129646830693
2.0061600918871556;0.0;0.03187129646830693
1.992782508365301;0.0;0.03187129646830693
2.0011755834461056;0.0;0.03187129646830693
1.9927787321738102;0.0;0.03187129646830693
1.9892994938626694;0.0;0.03187129646830693
2.0195222793610905;0.0;0.03187129646830693
2.0111476361530785;0.0;0.03187129646830693
2.011144475709423;0.0;0.03187129646830693
2.0564924994607274;0.0;0.03187129646830693
1.9962048024185355;0.0;0.03187129646830693
2.019507779136721;0.0;0.03187129646830693
2.0212138579909635;0.0;0.03187129646830693
2.0245373112762715;0.0;0.03187129646830693
2.006123663125895;0.0;0.03187129646830693
2.021203969031843;0.0;0.03187129646830693
2.0111198782812574;0.0;0.03664227568093781
2.006113863760648;0.0;0.03664227568093781
2.0295819999021445;0.0;0.03664227568093781
2.0111100653677036;0.0;0.03664227568093781
2.011106777443677;0.0;0.03664227568093781
2.0295722529281295;0.0;0.03664227568093781
2.014460455643062;0.0;0.03664227568093781
2.021177806984659;0.0;0.03664227568093781
2.0110974789036256;0.0;0.03664227568093781
2.024502882130464;0.0;0.03664227568093781
2.0617944864476034;0.0;0.03664227568093781
2.00611734200243;0.0;0.03664227568093781
1.9977358735768413;0.0;0.03664227568093781
2.0161681366210646;0.0;0.03664227568093781
2.011139797015848;0.0;0.03664227568093781
1.9977310125904315;0.0;0.03664227568093781
2.002721963694356;0.0;0.03664227568093781
2.0111319248895487;0.0;0.03664227568093781
1.9977211384639266;0.0;0.03664227568093781
2.006122550216788;0.0;0.03664227568093781
2.00772836759777;0.0;0.03664227568093781
2.0111189539570207;0.0;0.03664227568093781
1.9977080144520578;0.0;0.03664227568093781
2.011112317626917;0.0;0.03664227568093781
2.002695763147532;1.5521684210526317E-4;0.03664227568093781
2.006103647949276;0.0;0.03664227568093781
1.9976975083825705;0.0;0.03664227568093781
2.0061002045979484;0.0;0.03664227568093781
1.992722971808866;0.0;0.03664227568093781
2.0110971083505538;0.0;0.03664227568093781
1.9877724016376732;0.0;0.03664227568093781
1.9927138779262707;0.0;0.03664227568093781
2.006084723076002;0.0;0.03664227568093781
2.0110841416357523;0.0;0.03664227568093781
1.9927043629788879;0.0;0.03664227568093781
1.9828375913508212;0.0;0.03664227568093781
2.01610540442233;0.0;0.03664227568093781
2.011074464940448;0.0;0.03664227568093781
2.0667892940962993;0.0;0.03664227568093781
2.0060681812897676;0.0;0.03664227568093781
2.034622867378396;0.0;0.03664227568093781
2.0110647421198715;0.0;0.03664227568093781
2.011064305739155;0.0;0.03664227568093781
2.0110609172545337;0.0;0.03664227568093781
2.034612478939717;0.0;0.03664227568093781
2.006051902393;0.0;0.03664227568093781
2.01607889387631;0.0;0.03664227568093781
2.0194189576088153;0.0;0.03664227568093781
2.0244519472213613;0.0;0.03664227568093781
2.0262002752757446;0.0;0.03664227568093781
1.9976315639333417;0.0;0.03664227568093781
2.00105495508838;0.0;0.03664227568093781
2.0345865446398634;0.0;0.03664227568093781
2.011029394823839;0.0;0.03664227568093781
2.0060242998114473;0.0;0.03664227568093781
2.0160510253907002;0.0;0.03664227568093781
2.0160478353682514;0.0;0.03664227568093781
2.037830638036478;0.0;0.03664227568093781
2.0110138181249075;0.0;0.03664227568093781
2.0160380857236175;0.0;0.03664227568093781
2.006008148637552;0.0;0.03664227568093781
2.0294750259076455;0.0;0.03664227568093781
2.0210843821527984;0.0;0.03664227568093781
2.001023481363667;0.0;0.03664227568093781
2.0210805150007696;0.0;0.03664227568093781
2.0059945743310665;0.0;0.03664227568093781
1.9876763771871624;0.0;0.03664227568093781
2.0059907875631895;0.0;0.03664227568093781
1.9827499359919878;0.0;0.03664227568093781
1.9876680191816622;0.0;0.03664227568093781
2.005982378353473;0.0;0.03664227568093781
2.0109814676449216;0.0;0.03664227568093781
2.0025657964475365;0.0;0.03664227568093781
2.0025623735169527;0.0;0.03664227568093781
2.0193424830416102;0.0;0.03664227568093781
2.0025572648408727;0.0;0.03664227568093781
2.002553995398503;0.0;0.03664227568093781
1.9975567830017207;0.0;0.03664227568093781
2.029427288406585;0.0;0.03664227568093781
1.9975502608555247;0.0;0.03664227568093781
1.992578002935824;0.0;0.03664227568093781
2.0025376750169115;0.0;0.03664227568093781
2.0109468415059037;0.0;0.03664227568093781
2.010943507644573;0.0;0.03664227568093781
1.9975345408110106;1.5521684210526317E-4;0.03664227568093781
1.9925622461858106;0.0;0.03664227568093781
1.9975282561988994;0.0;0.03664227568093781
2.0193017981934793;0.0;0.03664227568093781
1.9975218781755169;0.0;0.03664227568093781
1.9975185670536302;0.0;0.03664227568093781
2.0159488564000183;0.0;0.03664227568093781
2.024324366621384;0.0;0.03664227568093781
2.0209966445688923;0.0;0.03664227568093781
2.0059113064605714;0.0;0.03664227568093781
2.005908467708289;0.0;0.03664227568093781
2.037719524990819;0.0;0.03664227568093781
2.0142639677677483;0.0;0.03664227568093781
2.0276013704616274;0.0;0.03664227568093781
2.002487343537308;0.0;0.03664227568093781
2.0159235920998033;0.0;0.03664227568093781
2.024299101216837;0.0;0.03664227568093781
2.0159170904327084;0.0;0.03664227568093781
2.0454191790102834;0.0;0.03664227568093781
2.0108874843044644;0.0;0.03664227568093781
2.0344369155854274;0.0;0.03664227568093781
2.0058786544541536;0.0;0.03664227568093781
2.00246552131593;0.0;0.03664227568093781
2.0159015726505567;0.0;0.03664227568093781
2.029337683338095;0.0;0.03664227568093781
2.0058657690649415;0.0;0.03664227568093781
2.0158922955285083;0.0;0.03664227568093781
2.019233501478201;0.0;0.03664227568093781
2.0242687444935643;0.0;0.03664227568093781
2.0209391825311673;0.0;0.03664227568093781
2.010856379591798;0.0;0.03664227568093781
1.9974501636649566;0.0;0.03664227568093781
2.0293190844833107;0.0;0.03664227568093781
2.00584728364525;0.0;0.03664227568093781
2.0024369119294843;0.0;0.03664227568093781
1.9826076964802264;0.0;0.03664227568093781
2.00584051288153;0.0;0.03664227568093781
2.0108393805503515;0.0;0.03664227568093781
1.9974305779123125;0.0;0.03664227568093781
1.9924586362524939;0.0;0.03664227568093781
2.005827647329798;0.0;0.03664227568093781
2.00084709352443;0.0;0.03664227568093781
1.9974189375202975;0.0;0.03664227568093781
1.9924483298724727;0.0;0.03664227568093781
2.0058264078143115;0.0;0.03664227568093781
1.9924522771701496;0.0;0.03664227568093781
2.0108246259498515;0.0;0.03664227568093781
2.0058198659373656;0.0;0.03664227568093781
1.9974132503187896;0.0;0.03664227568093781
1.9874972379771771;0.0;0.03664227568093781
2.0158391707912315;0.0;0.03664227568093781
2.0008296869132263;0.0;0.03664227568093781
2.0023948864035006;0.0;0.03664227568093781
2.0058014840753238;0.0;0.03664227568093781
2.0292661562435064;0.0;0.03664227568093781
2.005794969060304;0.0;0.03664227568093781
2.0191637207205697;0.0;0.03664227568093781
2.024195690077948;0.0;0.03664227568093781
2.014146770285339;0.0;0.03664227568093781
2.045897578855934;0.0;0.03664227568093781
2.002368872006593;1.5521684210526317E-4;0.03664227568093781
2.0191472108087356;0.0;0.03664227568093781
2.015801171236121;0.0;0.03664227568093781
2.015797731306601;0.0;0.03664227568093781
2.0107703211190384;0.0;0.03664227568093781
2.010767120365632;0.0;0.03664227568093781
2.0107638428793693;0.0;0.03664227568093781
2.0343118554838537;0.0;0.03664227568093781
2.0107607232560136;0.0;0.03664227568093781
2.0057553727985713;0.0;0.03664227568093781
2.0107553362873527;0.0;0.03664227568093781
2.024158804891586;0.0;0.03664227568093781
2.015778687833181;0.0;0.03664227568093781
2.0023382409412185;0.0;0.03664227568093781
2.0057461738357545;0.0;0.03664227568093781
2.0292107274659843;0.0;0.03664227568093781
2.0157690121044576;0.0;0.03664227568093781
1.9923654616494237;0.0;0.03664227568093781
2.0157658765270616;0.0;0.03664227568093781
2.047758838957251;0.0;0.03664227568093781
2.0007571292650956;0.0;0.03664227568093781
2.0107326401047674;0.0;0.03664227568093781
2.020808797696901;0.0;0.03664227568093781
2.005728114050466;0.0;0.03664227568093781
2.010727150097057;0.0;0.03664227568093781
2.015751992179062;0.0;0.03664227568093781
1.992352726883807;0.0;0.03664227568093781
1.9973191927268228;0.0;0.03664227568093781
2.020799441252967;0.0;0.03664227568093781
2.010717467410414;0.0;0.03664227568093781
1.9973100320710584;0.0;0.03664227568093781
2.002299968552263;0.0;0.03664227568093781
2.0157350420481603;0.0;0.03664227568093781
2.010704918921294;0.0;0.03664227568093781
2.0022900552269585;0.0;0.03664227568093781
2.002286895361796;0.0;0.03664227568093781
2.019064472552685;0.0;0.03664227568093781
2.0022801681751097;0.0;0.03664227568093781
2.002276932120604;0.0;0.03664227568093781
1.9972803169999442;0.0;0.03664227568093781
1.9972770637730042;0.0;0.03664227568093781
1.9991558892181711;0.0;0.03664227568093781
1.9972705424281303;0.0;0.03664227568093781
2.00226043220839;0.0;0.03664227568093781
1.9922958194802944;0.0;0.03664227568093781
2.0291298016824006;0.0;0.03664227568093781
2.0022508787035944;0.0;0.03664227568093781
1.9922873755523065;0.0;0.03664227568093781
1.9922840550419976;0.0;0.03664227568093781
2.0106534227254698;0.0;0.03664227568093781
2.005648924298025;0.0;0.03664227568093781
1.9873314301909863;0.0;0.03664227568093781
2.0022335772456;0.0;0.03664227568093781
1.9922690481434668;0.0;0.03664227568093781
2.0240425330396428;0.0;0.03664227568093781
2.0207134007076566;0.0;0.03664227568093781
2.015658540424706;0.0;0.03664227568093781
2.0189978934359423;0.0;0.03664227568093781
2.0022164402527953;0.0;0.03664227568093781
2.018993531696878;0.0;0.03664227568093781
2.0056195248771433;1.5521684210526317E-4;0.03664227568093781
2.024021889411184;0.0;0.03664227568093781
2.0374241162195275;0.0;0.03664227568093781
1.9922448318709838;0.0;0.03664227568093781
2.0156416297127597;0.0;0.03664227568093781
2.024018420337766;0.0;0.03664227568093781
2.0106125092836287;0.0;0.03664227568093781
2.0206887115572822;0.0;0.03664227568093781
2.010608776186927;0.0;0.03664227568093781
2.024011615417077;0.0;0.03664227568093781
2.0156311977390544;0.0;0.03664227568093781
2.002190397288221;0.0;0.03664227568093781
2.0189675022960167;0.0;0.03664227568093781
2.0239988850712853;0.0;0.03664227568093781
2.0156182280159056;0.0;0.03664227568093781
2.020666716662061;0.0;0.03664227568093781
2.005583875540487;0.0;0.03664227568093781
2.0239859654043673;0.0;0.03664227568093781
2.00217074791692;0.0;0.03664227568093781
2.0156048038693215;0.0;0.03664227568093781
2.0105750858796725;7.760842105263158E-5;0.03664227568093781
2.023975728894076;0.0;0.03664227568093781
2.013927702107545;0.0;0.03664227568093781
2.0155916064125363;0.0;0.03664227568093781
2.01558850585334;0.0;0.03664227568093781
2.0206366639259317;0.0;0.03664227568093781
2.013914670226784;0.0;0.03664227568093781
2.0071619567181846;0.0;0.03664227568093781
2.015577980608948;0.0;0.03664227568093781
2.000570881814369;0.0;0.03664227568093781
2.1067313264299528;0.0;0.03664227568093781
2.0105455693586003;0.0;0.03664227568093781
1.9872274257041043;0.0;0.03664227568093781
1.9971360682588366;0.0;0.03664227568093781
2.00055976745392;0.0;0.03664227568093781
2.010535296218014;0.0;0.03664227568093781
1.9872177673680056;0.0;0.03664227568093781
1.9822955354797973;0.0;0.03664227568093781
2.0105260361760107;0.0;0.03664227568093781
2.005521567092476;0.0;0.03664227568093781
1.9921481320224643;0.0;0.03664227568093781
2.0021055650250226;0.0;0.03664227568093781
2.000535451220124;0.0;0.03664227568093781
2.0055097412851666;0.0;0.03664227568093781
1.9971044587959594;0.0;0.03664227568093781
1.9971013373387065;0.0;0.03664227568093781
1.9921301833824232;0.0;0.03664227568093781
2.013857741979505;0.0;0.03664227568093781
1.9970921764437177;0.0;0.03664227568093781
1.9970888522979122;0.0;0.03664227568093781
2.015515162437207;0.0;0.03664227568093781
2.018854461319153;0.0;0.03664227568093781
2.020560109580429;0.0;0.03664227568093781
2.0138383469293584;0.0;0.03664227568093781
2.0138351488270634;0.0;0.03664227568093781
2.0289355873350763;0.0;0.03664227568093781
2.010469527809603;0.0;0.03664227568093781
2.023870027896567;0.0;0.03664227568093781
1.997060631202143;0.0;0.03664227568093781
2.0154866048449502;0.0;0.03664227568093781
2.023860901132257;1.5521684210526317E-4;0.03664227568093781
2.030411441188792;0.0;0.03664227568093781
2.030409672274483;0.0;0.03664227568093781
2.010452036832114;0.0;0.03664227568093781
2.02891168348543;0.0;0.03664227568093781
2.020523162221963;0.0;0.03664227568093781
1.9920730520375058;0.0;0.03664227568093781
2.010440530840677;0.0;0.03664227568093781
2.0238402546760192;0.0;0.03664227568093781
2.0070413838292134;0.0;0.03664227568093781
2.0054304186297536;0.0;0.03664227568093781
2.015454320026025;0.0;0.03664227568093781
2.033972366558709;0.0;0.03664227568093781
1.9970216734988246;0.0;0.03664227568093781
2.0372269038366575;0.0;0.03664227568093781
2.000440758224197;0.0;0.03664227568093781
2.008792007007946;0.0;0.03664227568093781
2.0020077540178596;0.0;0.03664227568093781
2.0204919248947286;0.0;0.03664227568093781
1.9970099162231192;0.0;0.03664227568093781
2.010410517762552;0.0;0.03664227568093781
1.9751248538903106;0.0;0.03664227568093781
1.9970019997593154;0.0;0.03664227568093781
2.0154274084722203;0.0;0.03664227568093781
2.0103981377869804;0.0;0.03664227568093781
1.9969921368141708;0.0;0.03664227568093781
2.001981302926047;0.0;0.03664227568093781
2.001977952072612;0.0;0.03664227568093781
2.02884697131005;0.0;0.03664227568093781
1.9969790237078486;0.0;0.03664227568093781
1.9772525863687225;0.0;0.03664227568093781
1.9920049659708667;0.0;0.03664227568093781
2.0087462196758525;0.0;0.03664227568093781
2.0019582565576632;0.0;0.03664227568093781
1.9969626734713342;0.0;0.03664227568093781
1.9969593783368333;0.0;0.03664227568093781
2.0288203423408775;0.0;0.03664227568093781
1.9969529657501153;0.0;0.03664227568093781
2.006959494604694;0.0;0.03664227568093781
1.9969464014310374;0.0;0.03664227568093781
2.010348761508264;0.0;0.03664227568093781
2.0153713595057443;0.0;0.03664227568093781
1.9969400540299607;0.0;0.03664227568093781
2.001931929598628;0.0;0.03664227568093781
2.0103384921449465;0.0;0.03664227568093781
2.0103356324652575;0.0;0.03664227568093781
2.001922578324765;0.0;0.03664227568093781
2.001919995413646;0.0;0.03664227568093781
2.010327315862789;0.0;0.03664227568093781
2.0153498608756415;0.0;0.03664227568093781
1.996919807260327;0.0;0.03664227568093781
2.010319266758346;0.0;0.03664227568093781
2.0203928507243196;0.0;0.03664227568093781
2.0103128391146807;0.0;0.03664227568093781
2.015335399480988;0.0;0.03664227568093781
2.0237087220620387;0.0;0.03664227568093781
2.013662104868431;0.0;0.03664227568093781
2.0237022886764007;0.0;0.03664227568093781
2.018664899813367;0.0;0.03664227568093781
2.0136525360304747;0.0;0.03664227568093781
2.028751558669266;1.5521684210526317E-4;0.03664227568093781
2.006894688756797;0.0;0.03664227568093781
2.1034906951288788;0.0;0.03664227568093781
2.010282078788932;0.0;0.03664227568093781
2.0236816234118606;0.0;0.03664227568093781
2.001871495209485;0.0;0.03664227568093781
2.0153048293715963;0.0;0.03664227568093781
2.015301736372293;0.0;0.03664227568093781
2.023677407859034;0.0;0.03664227568093781
2.0052722331251616;0.0;0.03664227568093781
1.9968683337778126;0.0;0.03664227568093781
2.015295282266088;0.0;0.03664227568093781
1.9968662485383997;0.0;0.03664227568093781
2.005264113441311;0.0;0.03664227568093781
2.0068694802483926;0.0;0.03664227568093781
1.9968569400412388;0.0;0.03664227568093781
2.006862914059806;0.0;0.03664227568093781
2.0052541394388284;0.0;0.03664227568093781
2.0152770112317846;0.0;0.03664227568093781
2.001838632694069;0.0;0.03664227568093781
1.9968434019599208;0.0;0.03664227568093781
2.0152673772476173;0.0;0.03664227568093781
2.0018289870367356;0.0;0.03664227568093781
1.9918666693328526;0.0;0.03664227568093781
2.00684030320235;0.0;0.03664227568093781
1.995301992585813;0.0;0.03664227568093781
2.0052254614560607;0.0;0.03664227568093781
2.0018133845751014;0.0;0.03664227568093781
2.001810110727709;0.0;0.03664227568093781
1.9918476999776817;0.0;0.03664227568093781
2.0052124752546066;0.0;0.03664227568093781
1.9968083449716008;0.0;0.03664227568093781
2.0152320998751554;0.0;0.03664227568093781
2.0017938696644717;0.0;0.03664227568093781
2.010200147365926;0.0;0.03664227568093781
1.9967957251389223;0.0;0.03664227568093781
2.0068013940258096;0.0;0.03664227568093781
2.0101909255838457;0.0;0.03664227568093781
2.0101878071499018;0.0;0.03664227568093781
1.9918163128242963;0.0;0.03664227568093781
2.006789874596194;0.0;0.03664227568093781
1.99677778417502;0.0;0.03664227568093781
2.028635881497062;0.0;0.03664227568093781
2.0017635681573576;0.0;0.03664227568093781
1.9967685518494116;0.0;0.03664227568093781
2.001757276908903;0.0;0.03664227568093781
2.010163943319018;0.0;0.03664227568093781
2.015186161099413;0.0;0.03664227568093781
1.986848074118329;0.0;0.03664227568093781
2.0202320386085066;0.0;0.03664227568093781
2.0151782921943617;0.0;0.03664227568093781
2.0286095239806867;0.0;0.03664227568093781
2.010146465969703;0.0;0.03664227568093781
2.0135018343748716;0.0;0.03664227568093781
2.0285997054177645;0.0;0.03664227568093781
2.0185039472664554;0.0;0.03664227568093781
2.0285932800728768;0.0;0.03664227568093781
2.000155164147332;0.0;0.03664227568093781
2.015153060091824;0.0;0.03664227568093781
2.0202003443088787;1.5521684210526317E-4;0.03664227568093781
2.010121425435626;0.0;0.03664227568093781
2.0051177705028236;0.0;0.03664227568093781
2.0201918478646474;0.0;0.03664227568093781
2.0184806710015346;0.0;0.03664227568093781
2.0151358035156166;0.0;0.03664227568093781
2.0101073699427787;0.0;0.03664227568093781
2.0016953782284683;0.0;0.03664227568093781
2.0235017293782804;0.0;0.03664227568093781
2.015123066836958;0.0;0.03664227568093781
2.0100947671845315;0.0;0.03664227568093781
2.015116737268745;0.0;0.03664227568093781
2.028547663089303;0.0;0.03664227568093781
1.9917178255587316;0.0;0.03664227568093781
2.0285412661196993;0.0;0.03664227568093781
2.0100788055258962;0.0;0.03664227568093781
2.01007708723533;0.0;0.03664227568093781
2.028532929955506;0.0;0.03664227568093781
2.0066783956228447;0.0;0.03664227568093781
2.0084451481188905;0.0;0.03664227568093781
2.020142719386981;0.0;0.03664227568093781
2.028523126574767;0.0;0.03664227568093781
2.005060832558304;0.0;0.03664227568093781
2.0016489850113124;0.0;0.03664227568093781
2.023457800738541;0.0;0.03664227568093781
2.0184244395515325;0.0;0.03664227568093781
2.020129900305075;0.0;0.03664227568093781
1.9916841484716383;0.0;0.03664227568093781
2.005049333137349;0.0;0.03664227568093781
2.010046803245647;0.0;0.03664227568093781
1.996643179839585;0.0;0.03664227568093781
1.9916734052684408;0.0;0.03664227568093781
2.005036964963773;0.0;0.03664227568093781
2.0050338175812077;0.0;0.03664227568093781
1.9916641060392501;0.0;0.03664227568093781
1.9966275384843135;0.0;0.03664227568093781
2.005024670423056;0.0;0.03664227568093781
1.9966215595510106;0.0;0.03664227568093781
2.0100183713177917;0.0;0.03664227568093781
1.9916484108571406;0.0;0.03664227568093781
2.000036765303784;0.0;0.03664227568093781
1.996608696303145;0.0;0.03664227568093781
2.0050065785234197;0.0;0.03664227568093781
2.0015950174993815;0.0;0.03664227568093781
2.0000260758550863;0.0;0.03664227568093781
1.9965983044239173;0.0;0.03664227568093781
2.009995138824098;0.0;0.03664227568093781
1.996591962319417;0.0;0.03664227568093781
2.0049899357021435;0.0;0.03664227568093781
2.0200619804525224;0.0;0.03664227568093781
2.0233861428824245;0.0;0.03664227568093781
2.015008038493471;0.0;0.03664227568093781
2.004980027684724;0.0;0.03664227568093781
2.0233764136491996;0.0;0.03664227568093781
2.0233732390106414;0.0;0.03664227568093781
2.0183367800486494;0.0;0.03664227568093781
2.0099675163630306;0.0;0.03664227568093781
1.9999892525246457;0.0;0.03664227568093781
2.0284198606088997;0.0;0.03664227568093781
2.0200335136872125;0.0;0.03664227568093781
2.001546940478736;1.5521684210526317E-4;0.03664227568093781
2.004952219385584;0.0;0.03664227568093781
2.0149738960951895;0.0;0.03664227568093781
2.001550597663681;0.0;0.03664227568093781
2.0065711523859595;0.0;0.03664227568093781
2.004963783021741;0.0;0.03664227568093781
2.0284190879157813;0.0;0.03664227568093781
2.0099576919406803;0.0;0.03664227568093781
2.0149822972861715;0.0;0.03664227568093781
2.021629053771814;0.0;0.03664227568093781
2.084571688730795;0.0;0.03664227568093781
1.981726101450161;0.0;0.03664227568093781
1.9965492223007062;0.0;0.03664227568093781
2.0200201850145305;0.0;0.03664227568093781
1.9965430738773324;0.0;0.03664227568093781
2.0149675593306027;0.0;0.03664227568093781
1.996539791860024;0.0;0.03664227568093781
2.0149608212894052;0.0;0.03664227568093781
2.0015269924982184;0.0;0.03664227568093781
2.0149566447575142;0.0;0.03664227568093781
2.0015204363274623;0.0;0.03664227568093781
1.9915592985993327;0.0;0.03664227568093781
2.0149468340868966;0.0;0.03664227568093781
2.009918801006811;0.0;0.03664227568093781
2.001507420027591;0.0;0.03664227568093781
1.9965129233846286;0.0;0.03664227568093781
2.0015010926771395;0.0;0.03664227568093781
2.0099070780365276;0.0;0.03664227568093781
2.0149288948160775;0.0;0.03664227568093781
2.001492593718701;0.0;0.03664227568093781
2.001489177322214;0.0;0.03664227568093781
2.009893842232413;0.0;0.03664227568093781
2.0098908182527673;0.0;0.03664227568093781
2.0014805481782045;0.0;0.03664227568093781
1.9964873308099174;0.0;0.03664227568093781
2.0098843131344877;0.0;0.03664227568093781
2.014906094501913;0.0;0.03664227568093781
1.996478925839191;0.0;0.03664227568093781
1.996475644774881;0.0;0.03664227568093781
2.0098714055497946;0.0;0.03664227568093781
2.014892941243702;0.0;0.03664227568093781
2.0014571085292787;0.0;0.03664227568093781
1.9914963630930953;0.0;0.03664227568093781
2.0148853922756067;0.0;0.03664227568093781
1.9964591227653201;0.0;0.03664227568093781
2.0148793591517995;0.0;0.03664227568093781
2.0014435920780893;0.0;0.03664227568093781
2.0098482954073082;0.0;0.03664227568093781
2.001437258206123;0.0;0.03664227568093781
2.0098422490267644;0.0;0.03664227568093781
1.996440247710507;0.0;0.03664227568093781
2.014861026198469;0.0;0.03664227568093781
2.0098332601860207;0.0;0.03664227568093781
1.9964312685651653;0.0;0.03664227568093781
2.019901205409053;0.0;0.03664227568093781
2.0282805146859704;0.0;0.03664227568093781
2.0181863790401877;0.0;0.03664227568093781
2.0048176637142667;0.0;0.03664227568093781
2.023213428262664;0.0;0.03664227568093781
2.0315427845224927;0.0;0.03664227568093781
2.0148328614469206;1.5521684210526317E-4;0.03664227568093781
2.0048055497392263;0.0;0.03664227568093781
2.014826420895872;0.0;0.03664227568093781
2.0282555219803404;0.0;0.03664227568093781
2.0164812892173134;0.0;0.03664227568093781
2.0097952777364005;0.0;0.03664227568093781
2.006400576185256;0.0;0.03664227568093781
2.0231881477212283;0.0;0.03664227568093781
2.00978815493369;0.0;0.03664227568093781
2.0148096982758275;0.0;0.03664227568093781
2.001374397492069;0.0;0.03664227568093781
2.0231772862886745;0.0;0.03664227568093781
2.019849625403427;0.0;0.03664227568093781
2.004774069536374;0.0;0.03664227568093781
2.0013640828978394;0.0;0.03664227568093781
2.009769723603489;0.0;0.03664227568093781
2.0333074161345057;0.0;0.03664227568093781
2.0047663320604348;0.0;0.03664227568093781
2.014790229292674;0.0;0.03664227568093781
2.001355033571038;0.0;0.03664227568093781
2.028215580598891;0.0;0.03664227568093781
2.0097561182528527;0.0;0.03664227568093781
2.009752894714236;0.0;0.03664227568093781
2.0047503094292347;0.0;0.03664227568093781
2.0231474963709433;0.0;0.03664227568093781
2.014770284679239;0.0;0.03664227568093781
2.014767129713654;0.0;0.03664227568093781
2.0047429465049555;0.0;0.03664227568093781
2.014763353748082;0.0;0.03664227568093781
2.014760198994005;0.0;0.03664227568093781
2.0047361516329465;0.0;0.03664227568093781
1.9913679750778712;0.0;0.03664227568093781
2.0097288956990584;0.0;0.03664227568093781
1.9963277902796646;0.0;0.03664227568093781
2.004723618844627;0.0;0.03664227568093781
1.9963216512902169;0.0;0.03664227568093781
2.004717992973353;0.0;0.03664227568093781
1.9913500385362235;0.0;0.03664227568093781
2.014735223845822;0.0;0.03664227568093781
1.9864025290221046;0.0;0.03664227568093781
2.0147288142097777;0.0;0.03664227568093781
1.9913374686374226;0.0;0.03664227568093781
2.009698337093186;0.0;0.03664227568093781
1.9913312344445504;0.0;0.03664227568093781
2.0046926597888506;0.0;0.03664227568093781
1.9913252128493852;0.0;0.03664227568093781
1.9962879109473222;0.0;0.03664227568093781
2.0046834602826227;0.0;0.03664227568093781
2.004680529822235;0.0;0.03664227568093781
2.001269339717208;0.0;0.03664227568093781
1.9863684442989855;0.0;0.03664227568093781
2.014694488693052;0.0;0.03664227568093781
2.028122508931037;0.0;0.03664227568093781
2.01468808117109;0.0;0.03664227568093781
2.0012537712964216;0.0;0.03664227568093781
2.0113735700396127;0.0;0.03664227568093781
2.0530056611600935;0.0;0.03664227568093781
1.999678215363066;0.0;0.03664227568093781
2.019721979883198;0.0;0.03664227568093781
2.009645332946344;0.0;0.03664227568093781
2.0331802252069298;1.5521684210526317E-4;0.03664227568093781
2.004639916741196;0.0;0.03664227568093781
1.9962381760573202;0.0;0.03664227568093781
2.0146566850151966;0.0;0.03664227568093781
2.019702891937796;0.0;0.03664227568093781
2.0212995312228976;0.0;0.03664227568093781
2.006231965245082;0.0;0.03664227568093781
2.0096202670408925;0.0;0.03664227568093781
2.0096169964697688;0.0;0.03664227568093781
2.0280688066273362;0.0;0.03664227568093781
2.014634735875259;0.0;0.03664227568093781
2.0012006062428305;0.0;0.03664227568093781
1.9996310729931241;0.0;0.03664227568093781
2.0331389388228436;0.0;0.03664227568093781
2.014622003600521;0.0;0.03664227568093781
2.0179598456222223;0.0;0.03664227568093781
2.0011850311037658;0.0;0.03664227568093781
2.0229857852536317;0.0;0.03664227568093781
2.019658495097133;0.0;0.03664227568093781
2.0045833322372184;0.0;0.03664227568093781
2.009579074286258;0.0;0.03664227568093781
2.0145998713529885;0.0;0.03664227568093781
2.0196486031433234;0.0;0.03664227568093781
1.9995992352499936;0.0;0.03664227568093781
2.0196421845646184;0.0;0.03664227568093781
2.0363635091441545;0.0;0.03664227568093781
1.9961689019181663;0.0;0.03664227568093781
2.0095628662897753;0.0;0.03664227568093781
2.01458638393689;0.0;0.03664227568093781
1.9995862354733827;0.0;0.03664227568093781
2.0011492723889557;0.0;0.03664227568093781
2.004553834524911;0.0;0.03664227568093781
1.9961526695772445;0.0;0.03664227568093781
2.004547527133506;0.0;0.03664227568093781
2.0011366424330044;0.0;0.03664227568093781
1.9995671357892457;0.0;0.03664227568093781
2.00113030963638;0.0;0.03664227568093781
1.9862305028896603;0.0;0.03664227568093781
2.0045317315649624;0.0;0.03664227568093781
1.9827338484120836;0.0;0.03664227568093781
2.0095243317281692;0.0;0.03664227568093781
1.996124256716731;0.0;0.03664227568093781
2.009518251947126;0.0;0.03664227568093781
1.9911540797131828;0.0;0.03664227568093781
2.014539474778804;0.0;0.03664227568093781
1.9961157187806073;0.0;0.03664227568093781
2.0095093529795056;0.0;0.03664227568093781
1.9911439069432402;0.0;0.03664227568093781
2.0010972304851213;0.0;0.03664227568093781
1.9945793333388067;0.0;0.03664227568093781
2.00109230464621;0.0;0.03664227568093781
1.9911365652148378;0.0;0.03664227568093781
2.001091239196022;0.0;0.03664227568093781
2.014519375924421;0.0;0.03664227568093781
2.0145174970876667;0.0;0.03664227568093781
2.009491078135126;0.0;0.03664227568093781
2.0195606469446488;0.0;0.03664227568093781
1.9995122553042615;0.0;0.03664227568093781
2.0362749117436034;0.0;0.03664227568093781
2.004479825953038;0.0;0.03664227568093781
2.0195478452862368;1.5521684210526317E-4;0.03664227568093781
2.0128295782374837;0.0;0.03664227568093781
2.033005144245258;0.0;0.03664227568093781
1.9960693281627264;0.0;0.03664227568093781
2.009462550953821;0.0;0.03664227568093781
2.014483161399802;0.0;0.03664227568093781
2.0228533035169383;0.0;0.03664227568093781
2.0060633522105653;0.0;0.03664227568093781
2.01447495100458;0.0;0.03664227568093781
2.0094480314879166;0.0;0.03664227568093781
1.9994724610343493;0.0;0.03664227568093781
2.019514244623583;0.0;0.03664227568093781
2.0094385381029247;0.0;0.03664227568093781
2.0060443719605665;0.0;0.03664227568093781
2.0177966907426725;0.0;0.03664227568093781
2.0195014478066056;0.0;0.03664227568093781
2.0094258560755085;0.0;0.03664227568093781
2.0060318379994193;0.0;0.03664227568093781
2.0278727486245525;0.0;0.03664227568093781
2.0044178919610083;0.0;0.03664227568093781
2.006022337294533;0.0;0.03664227568093781
2.0094101284758765;0.0;0.03664227568093781
2.0329424004048953;0.0;0.03664227568093781
2.0009979467172996;0.0;0.03664227568093781
2.004402154191416;0.0;0.03664227568093781
2.0278504925522522;0.0;0.03664227568093781
2.0245407036637855;0.0;0.03664227568093781
1.9910300450499734;0.0;0.03664227568093781
2.0144118709675265;0.0;0.03664227568093781
2.0177507421662084;0.0;0.03664227568093781
2.019456122741974;0.0;0.03664227568093781
1.9959849116789146;0.0;0.03664227568093781
2.019449816170683;0.0;0.03664227568093781
2.0278272389865575;0.0;0.03664227568093781
1.991010423708981;0.0;0.03664227568093781
2.0194403060584434;0.0;0.03664227568093781
2.0143884334360624;0.0;0.03664227568093781
2.0093629206968275;0.0;0.03664227568093781
2.019435116347668;0.0;0.03664227568093781
2.0143832568957305;0.0;0.03664227568093781
1.9909959317183925;0.0;0.03664227568093781
2.039372081251738;0.0;0.03664227568093781
2.0143770078292462;0.0;0.03664227568093781
1.995954817129849;0.0;0.03664227568093781
2.0043517939523814;0.0;0.03664227568093781
1.9993749190773327;0.0;0.03664227568093781
2.0009378719452235;0.0;0.03664227568093781
1.9959449115371732;0.0;0.03664227568093781
1.9993651537753707;0.0;0.03664227568093781
2.014358383585276;0.0;0.03664227568093781
1.990971473166751;0.0;0.03664227568093781
1.9825417291329461;0.0;0.03664227568093781
2.014353279173296;0.0;0.03664227568093781
1.9959313061429913;0.0;0.03664227568093781
2.0009178604812154;0.0;0.03664227568093781
1.9959247495839822;0.0;0.03664227568093781
2.0277692849409705;0.0;0.03664227568093781
1.9959185063850606;0.0;0.03664227568093781
2.000905285897424;0.0;0.03664227568093781
1.995912357406282;0.0;0.03664227568093781
2.0227014744962086;1.5521684210526317E-4;0.03664227568093781
2.0008985644581583;0.0;0.03664227568093781
1.9959059291893653;0.0;0.03664227568093781
2.000892420778468;0.0;0.03664227568093781
2.014319392737996;0.0;0.03664227568093781
2.0092929413761245;0.0;0.03664227568093781
2.005898873426459;0.0;0.03664227568093781
1.9909265278464066;0.0;0.03664227568093781
2.0143067757242266;0.0;0.03664227568093781
2.009280255034046;0.0;0.03664227568093781
2.000871724924654;0.0;0.03664227568093781
1.990914108369774;0.0;0.03664227568093781
2.0193423638762753;0.0;0.03664227568093781
2.0092682315410477;0.0;0.03664227568093781
1.9958701220254418;0.0;0.03664227568093781
2.0008566160956383;0.0;0.03664227568093781
2.0092592833257714;0.0;0.03664227568093781
2.014282071795477;0.0;0.03664227568093781
1.9859561643207266;0.0;0.03664227568093781
2.0243982804403755;0.0;0.03664227568093781
1.995854996914652;0.0;0.03664227568093781
2.032780346541635;0.0;0.03664227568093781
2.009243678628062;0.0;0.03664227568093781
2.0092405954313777;0.0;0.03664227568093781
2.0411200279175246;0.0;0.03664227568093781
1.999265426627706;0.0;0.03664227568093781
2.0092337675432126;0.0;0.03664227568093781
2.0092305582808714;0.0;0.03664227568093781
2.0276793872089858;0.0;0.03664227568093781
2.009224843655789;0.0;0.03664227568093781
2.009221710436921;0.0;0.03664227568093781
2.0142415730804015;0.0;0.03664227568093781
2.0276665609118485;0.0;0.03664227568093781
2.0142352407190014;0.0;0.03664227568093781
2.0125659419380053;0.0;0.03664227568093781
2.0008006404802168;0.0;0.03664227568093781
2.022597610721267;0.0;0.03664227568093781
2.0091996150553704;0.0;0.03664227568093781
2.0058058585062315;0.0;0.03664227568093781
2.0276444932320636;0.0;0.03664227568093781
2.0142130411604446;0.0;0.03664227568093781
2.000781834987593;0.0;0.03664227568093781
2.0091838519235816;0.0;0.03664227568093781
2.022575156166819;0.0;0.03664227568093781
2.0057868190491877;0.0;0.03664227568093781
2.0141972904818664;0.0;0.03664227568093781
2.0192421802035843;0.0;0.03664227568093781
2.0041700846435737;0.0;0.03664227568093781
2.0091649085077763;0.0;0.03664227568093781
2.024306110529883;0.0;0.03664227568093781
1.9907996068906464;0.0;0.03664227568093781
2.0276062996592166;0.0;0.03664227568093781
2.0091522715022916;0.0;0.03664227568093781
2.000744199554567;0.0;0.03664227568093781
2.009146084581408;0.0;0.03664227568093781
2.0377824184569873;0.0;0.03664227568093781
1.9957454313234606;0.0;0.03664227568093781
2.0192081064337555;0.0;0.03664227568093781
2.004136140087506;0.0;0.03664227568093781
2.0192016862700086;0.0;0.03664227568093781
2.0091277493381976;1.5521684210526317E-4;0.03664227568093781
2.014148366638209;0.0;0.03664227568093781
2.009122876513847;0.0;0.03664227568093781
2.0275734754051213;0.0;0.03664227568093781
1.9957256152124796;0.0;0.03664227568093781
2.0191873255918695;0.0;0.03664227568093781
2.009116057593042;0.0;0.03664227568093781
2.017475850726543;0.0;0.03664227568093781
2.0141323242882923;0.0;0.03664227568093781
1.9808954158230634;0.0;0.03664227568093781
1.9957128356862088;0.0;0.03664227568093781
2.0224977256590226;0.0;0.03664227568093781
1.9907421479810912;0.0;0.03664227568093781
1.990738946605801;0.0;0.03664227568093781
2.0006894240406736;0.0;0.03664227568093781
2.017453963722518;0.0;0.03664227568093781
1.9907294430153466;0.0;0.03664227568093781
1.9956907217758317;0.0;0.03664227568093781
1.9907232160621564;0.0;0.03664227568093781
2.027528931381282;0.0;0.03664227568093781
1.9907180896914878;0.0;0.03664227568093781
1.9907152390220098;0.0;0.03664227568093781
2.000665498021286;0.0;0.03664227568093781
1.9941481646112516;0.0;0.03664227568093781
2.009071133840152;0.0;0.03664227568093781
2.000663303075485;0.0;0.03664227568093781
1.980851595808036;0.0;0.03664227568093781
2.004064090598029;0.0;0.03664227568093781
2.014081759502537;0.0;0.03664227568093781
1.9956629231612155;0.0;0.03664227568093781
2.005663198219019;0.0;0.03664227568093781
2.0090503767117864;0.0;0.03664227568093781
2.014069815693272;0.0;0.03664227568093781
2.019114541630819;0.0;0.03664227568093781
2.009041228910496;0.0;0.03664227568093781
2.022431662535911;0.0;0.03664227568093781
