0.0;6.208673684210527E-4;0.011219809672851829
0.41983729216629945;7.760842105263158E-5;0.016085315716332857
0.3402573013887158;0.0;0.016085315716332857
0.3411018958644755;0.0;0.016085315716332857
0.3419507146296269;0.0;0.016085315716332857
0.34025190729729066;0.0;0.016085315716332857
0.3410964245226553;0.0;0.016085315716332857
0.3266380113525864;0.0;0.016085315716332857
0.3394036621710982;0.0;0.016085315716332857
0.33856350729192447;0.0;0.016085315716332857
0.34108939089180573;0.0;0.016085315716332857
0.3410877322600033;0.0;0.016085315716332857
0.34023957442311514;0.0;0.016085315716332857
0.34108462234270914;0.0;0.016085315716332857
0.3410829355306432;0.0;0.016085315716332857
0.35384385319613076;0.0;0.016085315716332857
0.34023240767478224;0.0;0.016085315716332857
0.35296370843122254;0.0;0.016085315716332857
0.3419251449855357;0.0;0.016085315716332857
0.3419230745127689;0.0;0.016085315716332857
0.34277580672797503;0.0;0.016085315716332857
0.3538309485778058;0.0;0.016085315716332857
0.34277162114943593;0.0;0.016085315716332857
0.34106422508940837;0.0;0.016085315716332857
0.34191268973372163;0.0;0.016085315716332857
0.3410600905660436;0.0;0.016085315716332857
0.3427638710113766;0.0;0.016116824659949573
0.3410565083657721;0.0;0.016116824659949573
0.34275971684121476;0.0;0.016116824659949573
0.3402060681504277;0.0;0.016116824659949573
0.3427555340953107;0.0;0.016116824659949573
0.34189871378042086;0.0;0.016116824659949573
0.34189664559803756;0.0;0.016116824659949573
0.3418951015787127;0.0;0.016116824659949573
0.35556873077946494;0.0;0.016116824659949573
0.3427456583409196;0.0;0.016116824659949573
0.35380048098824274;0.0;0.016116824659949573
0.34274213759417416;0.0;0.016116824659949573
0.3427400652632492;0.0;0.016116824659949573
0.33934506180502394;0.0;0.016116824659949573
0.341031540251695;0.0;0.016116824659949573
0.32657592723113366;0.0;0.016116824659949573
0.34018148590036373;0.0;0.016116824659949573
0.34102716465332805;0.0;0.016116824659949573
0.34018124736557714;0.0;0.016116824659949573
0.3401815513050025;0.0;0.016116824659949573
0.34017968710384067;0.0;0.016116824659949573
0.3401777243319076;0.0;0.016116824659949573
0.33849577164082373;0.0;0.016116824659949573
0.34017365992970167;0.0;0.016116824659949573
0.34017188922674674;0.0;0.016116824659949573
0.3485875358160825;0.0;0.016119450405250965
0.3410237007655682;0.0;0.016119450405250965
0.34273267573611627;0.0;0.016119450405250965
0.3537921508786145;0.0;0.016119450405250965
0.34188056965483926;0.0;0.016119450405250965
0.3418785042830956;0.0;0.016119450405250965
0.3418764390880711;0.0;0.016119450405250965
0.3418743624034749;0.0;0.016119450405250965
0.341872297562819;0.0;0.016119450405250965
0.34272503568649504;0.0;0.016119450405250965
0.3410178301126108;0.0;0.016119450405250965
0.3427208497906865;0.0;0.016119450405250965
0.34101371193554586;0.0;0.016119450405250965
0.356425379831833;0.0;0.016119450405250965
0.3410095944629654;0.0;0.016119450405250965
0.3418579055320649;0.0;0.016119450405250965
0.34271046418067147;0.0;0.016119450405250965
0.34270839577348805;0.0;0.016119450405250965
0.3410013209384999;1.5521684210526317E-4;0.016119450405250965
0.34270423612293693;0.0;0.016119450405250965
0.3418475493749095;0.0;0.016119450405250965
0.3418454868334923;0.0;0.016119450405250965
0.3418434244684311;0.0;0.016119450405250965
0.3418413506294201;0.0;0.016119450405250965
0.34269388683954377;0.0;0.016119450405250965
0.3426923442359365;0.0;0.016119450405250965
0.3546247344665317;0.0;0.016119450405250965
0.3418335975615408;0.0;0.016119450405250965
0.34183205925066434;0.0;0.016119450405250965
0.34182999808072706;0.0;0.016119450405250965
0.3418279370869676;0.0;0.016119450405250965
0.34182639921956154;0.0;0.016119450405250965
0.353733039377789;0.0;0.016119450405250965
0.327333028057005;0.0;0.016119450405250965
0.34012449081138113;0.0;0.016119450405250965
0.33928080780140873;0.0;0.016119450405250965
0.3409667171398321;0.0;0.016119450405250965
0.33927670123668446;0.0;0.016119450405250965
0.34181284799950645;0.0;0.016119450405250965
0.3392725780538694;0.0;0.016119450405250965
0.34180898517885505;0.0;0.016119450405250965
0.3401105905977928;0.0;0.016119450405250965
0.3401085418515177;0.0;0.016119450405250965
0.34010648170691066;0.0;0.016119450405250965
0.32731242339647443;0.0;0.016119450405250965
0.34094837032439534;0.0;0.016119450405250965
0.34265104877382113;0.0;0.016119450405250965
0.3537021786300559;0.0;0.016119450405250965
0.34179241814248534;0.0;0.016119450405250965
0.3392523074150716;0.0;0.016119450405250965
0.3417882738035566;0.0;0.016119450405250965
0.35457344203998353;0.0;0.016119450405250965
0.3417841534215979;0.0;0.016119450405250965
0.3417820847790566;0.0;0.016119450405250965
0.34178021368063244;0.0;0.016119450405250965
0.34177815700499825;0.0;0.016119450405250965
0.34177608307774726;0.0;0.016119450405250965
0.34262846182166407;0.0;0.016119450405250965
0.3417720851082844;0.0;0.016119450405250965
0.35367816819793274;0.0;0.016119450405250965
0.3409190691036886;0.0;0.016119450405250965
0.34262160363259675;0.0;0.016119450405250965
0.34176513016647775;0.0;0.016119450405250965
0.3426174722938496;0.0;0.016119450405250965
0.341761009482618;0.0;0.016119450405250965
0.3426133518946393;0.0;0.016119450405250965
0.3409067407984467;0.0;0.016119450405250965
0.3426092147438553;0.0;0.016119450405250965
0.34260713770770324;0.0;0.016119450405250965
0.34090057542500557;0.0;0.016119450405250965
0.3563071216868127;0.0;0.016119450405250965
0.3417465761289604;0.0;0.016119450405250965
0.3417445223863463;0.0;0.016119450405250965
0.3425968075451299;0.0;0.016119450405250965
0.34174089686689785;0.0;0.016119450405250965
0.34173883783246317;0.0;0.016119450405250965
0.3417367731748225;0.0;0.016119450405250965
0.34173524806920463;0.0;0.016119450405250965
0.3408832211218918;1.5521684210526317E-4;0.016119450405250965
0.3408811331859061;0.0;0.016119450405250965
0.3408790454315263;0.0;0.016119450405250965
0.3400311610908605;0.0;0.016119450405250965
0.3408749454848141;0.0;0.016119450405250965
0.34087288717838343;0.0;0.016119450405250965
0.33834587142079847;0.0;0.016119450405250965
0.34171882370070245;0.0;0.016119450405250965
0.3400208902081423;0.0;0.016119450405250965
0.34001883194817184;0.0;0.016119450405250965
0.3400167738651816;0.0;0.016119450405250965
0.3272261083092721;0.0;0.016119450405250965
0.35273789640777986;0.0;0.016119450405250965
0.34170672691479925;0.0;0.016119450405250965
0.34170465925138976;0.0;0.016119450405250965
0.34085258531855356;0.0;0.016119450405250965
0.34170054182939813;0.0;0.016119450405250965
0.3408484958188712;0.0;0.016119450405250965
0.34169642511226983;0.0;0.016119450405250965
0.35359855487355685;0.0;0.016119450405250965
0.34084233400556935;0.0;0.016119450405250965
0.34169024267571774;0.0;0.016119450405250965
0.34168819379187965;0.0;0.016119450405250965
0.3425403430407458;0.0;0.016119450405250965
0.33998837656201153;0.0;0.016119450405250965
0.34253623590669635;0.0;0.016119450405250965
0.3425341826021326;0.0;0.016119450405250965
0.34167791728065544;0.0;0.016119450405250965
0.3416758694470242;0.0;0.016119450405250965
0.3416738217878562;0.0;0.016119450405250965
0.3425259537388868;0.0;0.016119450405250965
0.35445257639232874;0.0;0.016119450405250965
0.3425218316653164;0.0;0.016119450405250965
0.34251977958785557;0.0;0.016119450405250965
0.3408136478537396;0.0;0.016119450405250965
0.34251566436608727;0.0;0.016119450405250965
0.34165998535280906;0.0;0.016119450405250965
0.3425120839177174;0.0;0.016119450405250965
0.34165587562238164;0.0;0.016119450405250965
0.34165382968959734;0.0;0.016119450405250965
0.3535544733020147;0.0;0.016119450405250965
0.3425038453144776;0.0;0.016119450405250965
0.3416476756032305;0.0;0.016119450405250965
0.34164561303691354;0.0;0.016119450405250965
0.3424976768978993;0.0;0.016119450405250965
0.34249562690083574;0.0;0.016119450405250965
0.34078962893362486;0.0;0.016119450405250965
0.3424915100610955;0.0;0.016119450405250965
0.34163589310510906;0.0;0.016119450405250965
0.34163384889699794;0.0;0.016119450405250965
0.3433442449875108;0.0;0.016119450405250965
0.34078082990960595;0.0;0.016119450405250965
0.35618207087044873;0.0;0.016119450405250965
0.340776798847496;0.0;0.016119450405250965
0.3416250821890373;0.0;0.016119450405250965
0.3399276162836093;0.0;0.016119450405250965
0.33992556613475516;0.0;0.016119450405250965
0.3271386315722566;0.0;0.016119450405250965
0.3416171468627505;0.0;0.016119450405250965
0.3390783412968483;0.0;0.016119450405250965
0.3416130330678681;1.5521684210526317E-4;0.016119450405250965
0.33740534330965094;0.0;0.016119450405250965
0.34161033884536285;0.0;0.016119450405250965
0.33907188217964757;0.0;0.016119450405250965
0.3416068203887072;0.0;0.016119450405250965
0.33990973939861213;0.0;0.016119450405250965
0.33990798922250726;0.0;0.016119450405250965
0.3416012438264494;0.0;0.016119450405250965
0.34074944766706333;0.0;0.016119450405250965
0.34245114882943223;0.0;0.016119450405250965
0.35437518510873267;0.0;0.016119450405250965
0.34159306874900197;0.0;0.016119450405250965
0.3398957759911374;0.0;0.016119450405250965
0.341588953438279;0.0;0.016119450405250965
0.34073719464596774;0.0;0.016119450405250965
0.34073514829560464;0.0;0.016119450405250965
0.3415828221278522;0.0;0.016119450405250965
0.3415807537403519;0.0;0.016119450405250965
0.3415787143351043;0.0;0.016119450405250965
0.34243062256569384;0.0;0.016119450405250965
0.3415746360447285;0.0;0.016119450405250965
0.34242651710502536;0.0;0.016119450405250965
0.3424244790705922;0.0;0.016119450405250965
0.35523124872815487;0.0;0.016119450405250965
0.3415664700281391;0.0;0.016119450405250965
0.34156442032235773;0.0;0.016119450405250965
0.3424162824899995;0.0;0.016119450405250965
0.3407106861216108;0.0;0.016119450405250965
0.3424121910177782;0.0;0.016119450405250965
0.34241013688813043;0.0;0.016119450405250965
0.3543327544791054;0.0;0.016119450405250965
0.3424060579994122;0.0;0.016119450405250965
0.3424039986255344;0.0;0.016119450405250965
0.3406984644095104;0.0;0.016119450405250965
0.34154605563929225;0.0;0.016119450405250965
0.3415440134304506;0.0;0.016119450405250965
0.3423958902106295;0.0;0.016119450405250965
0.34239385477603973;0.0;0.016119450405250965
0.3415379630754365;0.0;0.016119450405250965
0.33899976372728907;0.0;0.016119450405250965
0.3423877206847148;0.0;0.016119450405250965
0.3423856571226133;0.0;0.016119450405250965
0.3406802157127909;0.0;0.016119450405250965
0.3423821035039793;0.0;0.016119450405250965
0.34238042003987734;0.0;0.016119450405250965
0.34152499367866146;0.0;0.016119450405250965
0.34237739120833377;0.0;0.016119450405250965
0.3423753458751887;0.0;0.016119450405250965
0.34066995669350525;0.0;0.016119450405250965
0.339823212581915;0.0;0.016119450405250965
0.35517666987782837;0.0;0.016119450405250965
0.3398191306602516;0.0;0.016119450405250965
0.3415120359473311;0.0;0.016119450405250965
0.3398152429037135;0.0;0.016119450405250965
0.34065852047642775;0.0;0.016119450405250965
0.34150741426555614;0.0;0.016119450405250965
0.32621812638269226;0.0;0.016119450405250965
0.3406538032139844;0.0;0.016119450405250965
0.3406518000564502;0.0;0.016119450405250965
0.33980449362582393;0.0;0.016119450405250965
0.340647745440578;1.5521684210526317E-4;0.016119450405250965
0.3406457126183334;0.0;0.016119450405250965
0.3397983988690993;0.0;0.016119450405250965
0.3397963600154943;0.0;0.016119450405250965
0.34063988424505226;0.0;0.016119450405250965
0.34148731156779344;0.0;0.016119450405250965
0.34148554994263197;0.0;0.016119450405250965
0.34063449798599693;0.0;0.016119450405250965
0.34063301569004645;0.0;0.016119450405250965
0.34148094278676694;0.0;0.016119450405250965
0.35425493802003105;0.0;0.016119450405250965
0.35425311110652224;0.0;0.016119450405250965
0.3423293776047683;0.0;0.016119450405250965
0.3406243240765226;0.0;0.016119450405250965
0.34232541621124407;0.0;0.016119450405250965
0.3414697011473264;0.0;0.016119450405250965
0.3414677001300602;0.0;0.016119450405250965
0.34317726633402956;0.0;0.016119450405250965
0.34146362381802686;0.0;0.016119450405250965
0.3423152485070288;0.0;0.016119450405250965
0.34145957112726333;0.0;0.016119450405250965
0.341457530711102;0.0;0.016119450405250965
0.34316704681213517;0.0;0.016119450405250965
0.34145346759159184;0.0;0.016119450405250965
0.34145143342567413;0.0;0.016119450405250965
0.34144940516202094;0.0;0.016119450405250965
0.34230098976984713;0.0;0.016119450405250965
0.3422989510381061;0.0;0.016119450405250965
0.33974880220531567;0.0;0.016119450405250965
0.35598668697239766;0.0;0.016119450405250965
0.34143925071363074;0.0;0.016119450405250965
0.3422908165419656;0.0;0.016119450405250965
0.340585855140069;0.0;0.016119450405250965
0.34228675246180407;0.0;0.016119450405250965
0.3422847034622943;0.0;0.016119450405250965
0.34228267185418454;0.0;0.016119450405250965
0.34057934928106864;0.0;0.016119450405250965
0.3422807288955279;0.0;0.016119450405250965
0.34057580149512195;0.0;0.016119450405250965
0.3414231884489716;0.0;0.016119450405250965
0.3414211626766172;0.0;0.016119450405250965
0.34141965570565197;0.0;0.016119450405250965
0.343128996823484;0.0;0.016119450405250965
0.34141560497751183;0.0;0.016119450405250965
0.3422676222142557;0.0;0.016119450405250965
0.34056277830540227;0.0;0.016119450405250965
0.34141003725841373;0.0;0.016119450405250965
0.341408513993214;0.0;0.016119450405250965
0.33887127580073095;0.0;0.016119450405250965
0.355948569703334;0.0;0.016119450405250965
0.34055343227463875;0.0;0.016119450405250965
0.34055140193677963;0.0;0.016119450405250965
0.3397043417981864;0.0;0.016119450405250965
0.3405473474817594;0.0;0.016119450405250965
0.32773875359318727;0.0;0.016119450405250965
0.3396982333282926;0.0;0.016119450405250965
0.3405414466593875;0.0;0.016119450405250965
0.34138863710752504;0.0;0.016119450405250965
0.3388515538719042;0.0;0.016119450405250965
0.34053550170438346;0.0;0.016119450405250965
0.3405334728933156;1.5521684210526317E-4;0.016119450405250965
0.33968644739411413;0.0;0.016119450405250965
0.3396844239623565;0.0;0.016119450405250965
0.3413765829763691;0.0;0.016119450405250965
0.340525359375998;0.0;0.016119450405250965
0.34137252821434744;0.0;0.016119450405250965
0.3430816371613185;0.0;0.016119450405250965
0.3405192874412376;0.0;0.016119450405250965
0.354137962255898;0.0;0.016119450405250965
0.3405152384462533;0.0;0.016119450405250965
0.3413623829040356;0.0;0.016119450405250965
0.3541316377449854;0.0;0.016119450405250965
0.3405091577047059;0.0;0.016119450405250965
0.34220967823313214;0.0;0.016119450405250965
0.3422076531443868;0.0;0.016119450405250965
0.3413522476079517;0.0;0.016119450405250965
0.34220385513490026;0.0;0.016119450405250965
0.3413485221420364;0.0;0.016119450405250965
0.34219986329874186;0.0;0.016119450405250965
0.3404953622291634;0.0;0.016119450405250965
0.3421958035180667;0.0;0.016119450405250965
0.3421937624519382;0.0;0.016119450405250965
0.3404892922482909;0.0;0.016119450405250965
0.3430473334719656;0.0;0.016119450405250965
0.34133435584855526;0.0;0.016119450405250965
0.3421856627940897;0.0;0.016119450405250965
0.3413303139517944;0.0;0.016119450405250965
0.3549817009509195;0.0;0.016119450405250965
0.3421798515635619;0.0;0.016119450405250965
0.34217781186957863;0.0;0.016119450405250965
0.340473428060016;0.0;0.016119450405250965
0.3421737672766346;0.0;0.016119450405250965
0.3413184491138358;0.0;0.016119450405250965
0.34216971194504536;0.0;0.016119450405250965
0.34046535774835196;0.0;0.016119450405250965
0.3413123820561509;0.0;0.016119450405250965
0.34046196011103846;0.0;0.016119450405250965
0.34216223157401626;0.0;0.016119450405250965
0.34130694317893884;0.0;0.016119450405250965
0.34215818967057066;0.0;0.016119450405250965
0.3421561404353739;0.0;0.016119450405250965
0.3404518606099845;0.0;0.016119450405250965
0.34215262393088725;0.0;0.016119450405250965
0.3412973546357006;0.0;0.016119450405250965
0.3412953339504897;0.0;0.016119450405250965
0.34300457676155716;0.0;0.016119450405250965
0.3412918160280424;0.0;0.016119450405250965
0.3531798507286903;0.0;0.016119450405250965
0.34043876719452204;0.0;0.016119450405250965
0.3412858240475248;0.0;0.016119450405250965
0.3395900599151009;0.0;0.016119450405250965
0.33958806774049605;0.0;0.016119450405250965
0.32762987863654236;0.0;0.016119450405250965
0.3404301740248938;0.0;0.016119450405250965
0.34127711371624403;0.0;0.016119450405250965
0.33958153291026455;0.0;0.016119450405250965
0.34127318199406365;0.0;0.016119450405250965
0.3395775043805151;0.0;0.016119450405250965
0.3412691394010426;0.0;0.016119450405250965
0.3395734708783922;1.5521684210526317E-4;0.016119450405250965
0.3412653703434564;0.0;0.016119450405250965
0.34126364234743517;0.0;0.016119450405250965
0.3412619144767125;0.0;0.016119450405250965
0.3404109803374479;0.0;0.016119450405250965
0.3259816985935597;0.0;0.016119450405250965
0.3412558451871743;0.0;0.016119450405250965
0.3549039694226344;0.0;0.016119450405250965
0.3404029204456871;0.0;0.016119450405250965
0.3421029189716191;0.0;0.016119450405250965
0.3412477722460717;0.0;0.016119450405250965
0.3540127612514198;0.0;0.016119450405250965
0.34039486328662943;0.0;0.016119450405250965
0.34124171791545505;0.0;0.016119450405250965
0.3403908357314301;0.0;0.016119450405250965
0.3412376806572336;0.0;0.016119450405250965
0.342088777052267;0.0;0.016119450405250965
0.34123396198833705;0.0;0.016119450405250965
0.3412322362690533;0.0;0.016119450405250965
0.3420835869515075;0.0;0.016119450405250965
0.34208184578890355;0.0;0.016119450405250965
0.3403782250071601;0.0;0.016119450405250965
0.34293544075229293;0.0;0.016119450405250965
0.3412230307616402;0.0;0.016119450405250965
0.34207406900855714;0.0;0.016119450405250965
0.3395256021457795;0.0;0.016119450405250965
0.35575283209550507;0.0;0.016119450405250965
0.34206801773008194;0.0;0.016119450405250965
0.3412129723380643;0.0;0.016119450405250965
0.342063974920695;0.0;0.016119450405250965
0.3412089342796864;0.0;0.016119450405250965
0.3412069268483058;0.0;0.016119450405250965
0.3420579318851894;0.0;0.016119450405250965
0.3420559197746528;0.0;0.016119450405250965
0.34120089423180017;0.0;0.016119450405250965
0.3403569283749496;0.0;0.016119450405250965
0.3420638354515065;0.0;0.016119450405250965
0.3412090792235925;0.0;0.016119450405250965
0.3412070723672643;0.0;0.016119450405250965
0.34205807834433777;0.0;0.016119450405250965
0.34120303649063766;0.0;0.016119450405250965
0.3420540327191197;0.0;0.016119450405250965
0.3411990239660197;0.0;0.016119450405250965
0.342050010502288;0.0;0.016119450405250965
0.3420479996481581;0.0;0.016119450405250965
0.35395802657549547;0.0;0.016119450405250965
0.3420439670900014;0.0;0.016119450405250965
0.340340770244751;0.0;0.016119450405250965
0.3428977081704764;0.0;0.016119450405250965
0.3411854674936066;0.0;0.016119450405250965
0.34118408184811694;0.0;0.016119450405250965
0.342035032342176;0.0;0.016119450405250965
0.3403313377301748;0.0;0.016119450405250965
0.3411785502230144;0.0;0.016119450405250965
0.33948487982581976;0.0;0.020044939630833338
0.3403276528085479;0.0;0.020044939630833338
0.3403259192247315;0.0;0.020044939630833338
0.3411728801704538;0.0;0.020044939630833338
0.3403221814391857;0.0;0.020044939630833338
0.34032021267492835;0.0;0.020044939630833338
0.3394737409956305;1.5521684210526317E-4;0.020044939630833338
0.3267035566653973;0.0;0.020044939630833338
0.34031419556226533;0.0;0.020044939630833338
0.3411608339390776;0.0;0.020044939630833338
0.3394662426143842;0.0;0.020044939630833338
0.35480362035378;0.0;0.020044939630833338
0.3403066516310154;0.0;0.020044939630833338
0.3394602260242489;0.0;0.020044939630833338
0.34030265743155613;0.0;0.020044939630833338
0.34114926804179524;0.0;0.020044939630833338
0.3411472663851113;0.0;0.020044939630833338
0.34029662791617976;0.0;0.020044939630833338
0.3411432466177184;0.0;0.020044939630833338
0.34199409858168045;0.0;0.030760606205817734
0.34199208693161137;0.0;0.030760606205817734
0.3394442211293025;0.0;0.030760606205817734
0.34113527128615756;0.0;0.030760606205817734
0.3402848947803288;0.0;0.030760606205817734
0.34113147391156284;0.0;0.030760606205817734
0.34112945680309886;0.0;0.030760606205817734
0.3411274568141876;0.0;0.030760606205817734
0.3419782309944523;0.0;0.030760606205817734
0.3402748520859491;0.0;0.030760606205817734
0.35565316718722884;0.0;0.030760606205817734
0.34282927375575045;0.0;0.030760606205817734
0.33942447887219396;0.0;0.030760606205817734
0.3419681584946395;0.0;0.030760606205817734
0.3411133543277038;0.0;0.030760606205817734
0.34196413408307236;0.0;0.030760606205817734
0.34110933464755466;0.0;0.030760606205817734
0.3411073307072136;0.0;0.030760606205817734
0.35386704919430123;0.0;0.030760606205817734
0.3419560476951339;0.0;0.030760606205817734
0.3411012747546461;0.0;0.030760606205817734
0.341952019672977;0.0;0.030760606205817734
0.3410972571182713;0.0;0.030760606205817734
0.34024775757194986;0.0;0.030760606205817734
0.34194866638486404;0.0;0.030760606205817734
0.340247140395572;0.0;0.030760606205817734
0.3410953135409459;0.0;0.030760606205817734
0.3419476879905465;0.0;0.030760606205817734
0.3410940114668539;0.0;0.030760606205817734
0.3410920035071659;0.0;0.030760606205817734
0.3565116970176412;0.0;0.030760606205817734
0.34023951051483037;0.0;0.030760606205817734
0.3410859806468023;0.0;0.030760606205817734
0.34193667764730634;0.0;0.030760606205817734
0.34193464856367856;0.0;0.030760606205817734
0.34193326723476186;0.0;0.030760606205817734
0.3410785477512728;0.0;0.030760606205817734
0.34107655239928636;0.0;0.030760606205817734
0.34107503251845983;0.0;0.030760606205817734
0.3419259126036824;0.0;0.030760606205817734
0.34022278188359323;0.0;0.030760606205817734
0.3410697377343679;0.0;0.030760606205817734
0.3410678394094689;0.0;0.030760606205817734
0.3266086500866625;0.0;0.030760606205817734
0.34021546171708766;0.0;0.030760606205817734
0.3393692704552108;0.0;0.030760606205817734
0.34105985758781304;0.0;0.030760606205817734
0.34020971963933216;1.5521684210526317E-4;0.030760606205817734
0.3402079838059103;0.0;0.030760606205817734
0.3538145213903759;0.0;0.030760606205817734
0.341052930979329;0.0;0.030760606205817734
0.33935857903513056;0.0;0.030760606205817734
0.34020073288199854;0.0;0.030760606205817734
0.3410471153164962;0.0;0.030760606205817734
0.32658885469689486;0.0;0.030760606205817734
0.3410432708934414;0.0;0.030760606205817734
0.3393487492195911;0.0;0.030760606205817734
0.34019089629593774;0.0;0.030760606205817734
0.33934473445554625;0.0;0.030760606205817734
0.34103524070521024;0.0;0.030760606205817734
0.3410332040470061;0.0;0.03209973630952811
0.3410312125669704;0.0;0.03209973630952811
0.34102920437935336;0.0;0.03209973630952811
0.3410272307066108;0.0;0.03209973630952811
0.3401769014084583;0.0;0.03209973630952811
0.3537818946734224;0.0;0.03209973630952811
0.34017287377382854;0.0;0.03209973630952811
0.34187174269782805;0.0;0.03209973630952811
0.35465787504494123;0.0;0.03209973630952811
0.3401668896839099;0.0;0.03209973630952811
0.34186570665160376;0.0;0.03209973630952811
0.34101118392116814;0.0;0.03209973630952811
0.3410091718113191;0.0;0.03209973630952811
0.3393148222389102;0.0;0.03209973630952811
0.3418576609742542;0.0;0.03209973630952811
0.34100315898148154;0.0;0.03209973630952811
0.3418536560539933;0.0;0.03209973630952811
0.34099916438382494;0.0;0.03209973630952811
0.34184965180875837;0.0;0.03209973630952811
0.3409951536088508;0.0;0.03209973630952811
0.340993142859536;0.0;0.03418982956943685
0.3409911603603795;0.0;0.03418982956943685
0.34184162282478525;0.0;0.03418982956943685
0.34184013394420576;0.0;0.03418982956943685
0.34013743166974253;0.0;0.03418982956943685
0.34183612639535255;0.0;0.03418982956943685
0.34183411724686774;0.0;0.03418982956943685
0.34097967034679405;0.0;0.03418982956943685
0.35461676737149334;0.0;0.03418982956943685
0.3418282265788226;0.0;0.03418982956943685
0.34182621810458413;0.0;0.03418982956943685
0.3401236030355834;0.0;0.03418982956943685
0.341822190416163;0.0;0.03418982956943685
0.3418202049497155;0.0;0.03418982956943685
0.34096577708737474;0.0;0.03418982956943685
0.34181620077467917;0.0;0.03418982956943685
0.340962291202437;0.0;0.03418982956943685
0.34181270649082857;0.0;0.03418982956943685
0.3409583035931209;0.0;0.03418982956943685
0.34095693466697613;0.0;0.03418982956943685
0.3409549104176864;0.0;0.03418982956943685
0.3418053079017998;0.0;0.03418982956943685
0.34010330524436566;0.0;0.03418982956943685
0.3418020071504713;0.0;0.03418982956943685
0.3400994531321933;0.0;0.03418982956943685
0.34009746828905396;0.0;0.03418982956943685
0.354581328621237;0.0;0.03418982956943685
0.34009346556369896;1.5521684210526317E-4;0.03418982956943685
0.32648780051138226;0.0;0.03418982956943685
0.3400901176772424;0.0;0.03418982956943685
0.3409362113193512;0.0;0.03418982956943685
0.3400875329246916;0.0;0.03418982956943685
0.3409336091976421;0.0;0.03418982956943685
0.34008353764383226;0.0;0.03418982956943685
0.3409296154973144;0.0;0.03418982956943685
0.33923566763273544;0.0;0.03418982956943685
0.3409262500649356;0.0;0.03418982956943685
0.3400761862881438;0.0;0.03418982956943685
0.34092225766032125;0.0;0.03418982956943685
0.3400721985658283;0.0;0.03418982956943685
0.3264673913983023;0.0;0.03418982956943685
0.34006821151724964;0.0;0.03418982956943685
0.3409142750532731;0.0;0.03418982956943685
0.34006429231677504;0.0;0.03418982956943685
0.3409103518250619;0.0;0.03418982956943685
0.3545447057048559;0.0;0.03418982956943685
0.350176328207446;0.0;0.03418982956943685
0.3409046332486475;0.0;0.03418982956943685
0.3409029324907502;0.0;0.03418982956943685
0.34090113675743633;0.0;0.03418982956943685
0.34089915657412173;0.0;0.03418982956943685
0.34174941949800475;0.0;0.03418982956943685
0.3400474553226846;0.0;0.03418982956943685
0.34260249448742486;0.0;0.03418982956943685
0.3408918078519505;0.0;0.03418982956943685
0.34088982844970955;0.0;0.03418982956943685
0.3417401026410662;0.0;0.03418982956943685
0.34088588709085577;0.0;0.03418982956943685
0.3417361179566021;0.0;0.03418982956943685
0.34173413427068083;0.0;0.03418982956943685
0.34087995087361417;0.0;0.03418982956943685
0.34173016739693346;0.0;0.03418982956943685
0.3400280328408816;0.0;0.03418982956943685
0.34172618998413207;0.0;0.03418982956943685
0.34172420712913326;0.0;0.03418982956943685
0.35539111341767166;0.0;0.03418982956943685
0.34086807173757416;0.0;0.03418982956943685
0.3417182371610907;0.0;0.03418982956943685
0.34171625497157854;0.0;0.03418982956943685
0.3408621176537828;0.0;0.03418982956943685
0.3417122910900861;0.0;0.03418982956943685
0.3408581639880938;0.0;0.03418982956943685
0.3408561706533103;0.0;0.03418982956943685
0.3425627157175299;0.0;0.03418982956943685
0.3408521972440854;0.0;0.03418982956943685
0.3408502211589832;0.0;0.03418982956943685
0.3417003658522704;0.0;0.03418982956943685
0.3408462694846326;0.0;0.03418982956943685
0.34169639344112646;0.0;0.03418982956943685
0.33999444087506614;0.0;0.03418982956943685
0.34254878246539083;0.0;0.03418982956943685
0.34083833464402563;0.0;0.03418982956943685
0.34168845061762365;0.0;0.03418982956943685
0.3416864541437809;0.0;0.03418982956943685
0.3408323936291957;0.0;0.03418982956943685
0.35446363596828395;0.0;0.03418982956943685
0.34168051604877525;0.0;0.03418982956943685
0.3416785370147524;1.5521684210526317E-4;0.03418982956943685
0.3399766636483643;0.0;0.03418982956943685
0.34167508164136234;0.0;0.03418982956943685
0.3399732368997875;0.0;0.03418982956943685
0.3425274433008567;0.0;0.03418982956943685
0.3416696597817795;0.0;0.03418982956943685
0.34081562029953383;0.0;0.03418982956943685
0.34081364731794844;0.0;0.03418982956943685
0.3408121864751254;0.0;0.03418982956943685
0.3416622393375978;0.0;0.03418982956943685
0.3263619985320027;0.0;0.03418982956943685
0.3382754795628329;0.0;0.03418982956943685
0.33743878071848143;0.0;0.03418982956943685
0.34080314920059707;0.0;0.03418982956943685
0.3391101223466984;0.0;0.03418982956943685
0.3407997457976672;0.0;0.03418982956943685
0.34079803592613866;0.0;0.03418982956943685
0.35354632643607253;0.0;0.03418982956943685
0.3407942434611475;0.0;0.03418982956943685
0.33826162002297727;0.0;0.03418982956943685
0.3407902901451472;0.0;0.03418982956943685
0.339940842616916;0.0;0.03418982956943685
0.3279730229984309;0.0;0.03418982956943685
0.3399369000822777;0.0;0.03418982956943685
0.33993491240683654;0.0;0.03418982956943685
0.34078066019019976;0.0;0.03418982956943685
0.338248149800677;0.0;0.03418982956943685
0.34162862860941523;0.0;0.03418982956943685
0.34077471718587593;0.0;0.03418982956943685
0.3416246795131661;0.0;0.03418982956943685
0.3407707782667045;0.0;0.03418982956943685
0.3407688090538008;0.0;0.03418982956943685
0.3491732139061387;0.0;0.03418982956943685
0.3407652882439848;0.0;0.03418982956943685
0.34076329724460064;0.0;0.03418982956943685
0.34076132865631786;0.0;0.03418982956943685
0.35616613010069176;0.0;0.03418982956943685
0.34075739197277877;0.0;0.03418982956943685
0.3407554238774812;0.0;0.03418982956943685
0.3416053284407549;0.0;0.03418982956943685
0.3407514715044398;0.0;0.03418982956943685
0.3416013776630924;0.0;0.03418982956943685
0.34159941087901363;0.0;0.03418982956943685
0.34074556919377824;0.0;0.03418982956943685
0.34074359097214607;0.0;0.03418982956943685
0.34074162958485205;0.0;0.03418982956943685
0.34159150639261254;0.0;0.03418982956943685
0.3407376906343543;0.0;0.03418982956943685
0.34158756906238197;0.0;0.03418982956943685
0.34158557558670677;0.0;0.03418982956943685
0.34073177511212255;0.0;0.03418982956943685
0.3415816392447537;0.0;0.03418982956943685
0.34072784336122236;0.0;0.03418982956943685
0.34157767572729175;0.0;0.03418982956943685
0.34072387895475764;0.0;0.03418982956943685
0.35523666717777885;0.0;0.03418982956943685
0.3407199485212434;0.0;0.03418982956943685
0.3415697785092474;0.0;0.03418982956943685
0.34156780879025433;0.0;0.03418982956943685
0.34156583367206544;0.0;0.03418982956943685
0.3398645305035384;1.5521684210526317E-4;0.03418982956943685
0.3415618839312492;0.0;0.03418982956943685
0.341559914870666;0.0;0.03418982956943685
0.3407061805229783;0.0;0.03418982956943685
0.33985695384874126;0.0;0.03418982956943685
0.34155454806761054;0.0;0.03418982956943685
0.3415528576382886;0.0;0.03418982956943685
0.33985189672632604;0.0;0.03418982956943685
0.34069772171919993;0.0;0.03418982956943685
0.34154815693942786;0.0;0.03418982956943685
0.34154618905042083;0.0;0.03418982956943685
0.3415442213254692;0.0;0.03418982956943685
0.34069102707628834;0.0;0.03418982956943685
0.3406890590228241;0.0;0.03418982956943685
0.3415388144186822;0.0;0.03418982956943685
0.35431307095808273;0.0;0.03418982956943685
0.3398367206309265;0.0;0.03418982956943685
0.3406821875195281;0.0;0.03418982956943685
0.34068022579128276;0.0;0.03418982956943685
0.32623764382582376;0.0;0.03418982956943685
0.3398291545830097;0.0;0.03418982956943685
0.3398275031139517;0.0;0.03418982956943685
0.3398257900133828;0.0;0.03418982956943685
0.33982409913993167;0.0;0.03418982956943685
0.34066985135458;0.0;0.03418982956943685
0.33982058203547333;0.0;0.03418982956943685
0.3406663201981877;0.0;0.03418982956943685
0.33981692497509997;0.0;0.03418982956943685
0.3406623884975777;0.0;0.03418982956943685
0.339813003383412;0.0;0.03418982956943685
0.3406584463814247;0.0;0.03418982956943685
0.3254072483819046;0.0;0.03418982956943685
0.34065450492570365;0.0;0.03418982956943685
0.35339735716820847;0.0;0.03418982956943685
0.34065056966461077;0.0;0.03418982956943685
0.33980122045819633;0.0;0.03418982956943685
0.3397993011582738;0.0;0.03418982956943685
0.3406453405400626;0.0;0.03418982956943685
0.34064338191966076;0.0;0.03418982956943685
0.34149311575662283;0.0;0.03418982956943685
0.339792180565397;0.0;0.03418982956943685
0.34063758447407405;0.0;0.03418982956943685
0.3397882576437309;0.0;0.03418982956943685
0.33978630470371896;0.0;0.03418982956943685
0.35425693922364515;0.0;0.03418982956943685
0.3414814907828189;0.0;0.03418982956943685
0.34063019119600485;0.0;0.03418982956943685
0.3414820369993761;0.0;0.03418982956943685
0.341482307302192;0.0;0.03418982956943685
0.3397836703157264;0.0;0.03418982956943685
0.3414828589245994;0.0;0.03418982956943685
0.34148313470136954;0.0;0.03418982956943685
0.34148392718881965;0.0;0.03418982956943685
0.35425561697593344;0.0;0.03418982956943685
0.3406284442456574;0.0;0.03418982956943685
0.3423338942110699;0.0;0.03418982956943685
0.33809522493419014;0.0;0.03418982956943685
0.3406226483861926;0.0;0.03418982956943685
0.34147224961319045;0.0;0.03418982956943685
0.3414702833041175;0.0;0.03418982956943685
0.341468278391693;1.5521684210526317E-4;0.03418982956943685
0.34061476995133333;0.0;0.03418982956943685
0.3406128145638029;0.0;0.03418982956943685
0.34146238648728433;0.0;0.03418982956943685
0.34060893292419;0.0;0.03418982956943685
0.34060697802431955;0.0;0.03418982956943685
0.3414565081681311;0.0;0.03418982956943685
0.3414545487093129;0.0;0.03418982956943685
0.3397537982840386;0.0;0.03418982956943685
0.34145060814439976;0.0;0.03418982956943685
0.3405974322761124;0.0;0.03418982956943685
0.34144723815609906;0.0;0.03418982956943685
0.3405940433365829;0.0;0.03418982956943685
0.35421589570881906;0.0;0.03418982956943685
0.3414417074162739;0.0;0.03418982956943685
0.34143978508920636;0.0;0.03418982956943685
0.33973912036565523;0.0;0.03418982956943685
0.3414358525409473;0.0;0.03418982956943685
0.34143389480819386;0.0;0.03418982956943685
0.34143244236203757;0.0;0.03418982956943685
0.3414304683474863;0.0;0.03418982956943685
0.34057706841366225;0.0;0.03418982956943685
0.3405757273770602;0.0;0.03418982956943685
0.3414252097339949;0.0;0.03418982956943685
0.3405717958083844;0.0;0.03418982956943685
0.34227747287744476;0.0;0.03418982956943685
0.33972121662077476;0.0;0.03418982956943685
0.34141786637510174;0.0;0.03418982956943685
0.32694218584366314;0.0;0.03418982956943685
0.3397157609603877;0.0;0.03418982956943685
0.33971378185334083;0.0;0.03418982956943685
0.3533002864634638;0.0;0.03418982956943685
0.34055699347935886;0.0;0.03418982956943685
0.3397078636691172;0.0;0.03418982956943685
0.34055309376884896;0.0;0.03418982956943685
0.3397039794842324;0.0;0.03418982956943685
0.33970207329498253;0.0;0.03418982956943685
0.3405472387718292;0.0;0.03418982956943685
0.33969816151882476;0.0;0.03418982956943685
0.3261083576407854;0.0;0.03418982956943685
0.33969423391809866;0.0;0.03418982956943685
0.33969228958761566;0.0;0.03418982956943685
0.3405374425009919;0.0;0.03418982956943685
0.3388454911966125;0.0;0.03418982956943685
0.3413848622612428;0.0;0.03418982956943685
0.3388415804534886;0.0;0.03418982956943685
0.34052960952846123;0.0;0.03418982956943685
0.3396805666107991;0.0;0.03418982956943685
0.3396786234152915;0.0;0.03418982956943685
0.33967666391542406;0.0;0.03418982956943685
0.34137309464916726;0.0;0.03418982956943685
0.34051984261889423;0.0;0.03418982956943685
0.33967082481048505;0.0;0.03418982956943685
0.3550219159093185;0.0;0.03418982956943685
0.33882407230215517;0.0;0.03418982956943685
0.341363279018669;0.0;0.03418982956943685
0.340510030282898;0.0;0.03418982956943685
0.3405080782056692;0.0;0.03418982956943685
0.3413574026303825;0.0;0.03418982956943685
0.3388143329889596;0.0;0.03418982956943685
0.34135348401708276;1.5521684210526317E-4;0.03418982956943685
0.34220705084822456;0.0;0.03418982956943685
0.34049834224144493;0.0;0.03418982956943685
0.3413476321147826;0.0;0.03418982956943685
0.33964744458149204;0.0;0.03418982956943685
0.3413437206385126;0.0;0.03418982956943685
0.34134176514446796;0.0;0.03418982956943685
0.3404885938362796;0.0;0.03418982956943685
0.34133787116632835;0.0;0.03418982956943685
0.3404847043979529;0.0;0.03418982956943685
0.35410205889291196;0.0;0.03418982956943685
0.34133201213800185;0.0;0.03418982956943685
0.3421855214215735;0.0;0.03418982956943685
0.3396299589707656;0.0;0.03418982956943685
0.34132616557941114;0.0;0.03418982956943685
0.3413241950334612;0.0;0.03418982956943685
0.34047106899481366;0.0;0.03418982956943685
0.3413203039658983;0.0;0.03418982956943685
0.3404671824635495;0.0;0.03418982956943685
0.3413164025382366;0.0;0.03418982956943685
0.34046328011259486;0.0;0.03418982956943685
0.3413124852544535;0.0;0.03418982956943685
0.3413105378593141;0.0;0.03418982956943685
0.3404574524948326;0.0;0.03418982956943685
0.341306643553402;0.0;0.03418982956943685
0.3404535517641412;0.0;0.03418982956943685
0.3404516153557254;0.0;0.03418982956943685
0.3404496681375912;0.0;0.03418982956943685
0.3412988458821797;0.0;0.03418982956943685
0.3549487813200791;0.0;0.03418982956943685
0.3404438329378546;0.0;0.03418982956943685
0.3412929910825402;0.0;0.03418982956943685
0.3404405330053617;0.0;0.03418982956943685
0.34128968869786275;0.0;0.03418982956943685
0.34043665159011793;0.0;0.03418982956943685
0.3412863070241464;0.0;0.03418982956943685
0.3412843508586076;0.0;0.03418982956943685
0.34043132752558836;0.0;0.03418982956943685
0.341280970053388;0.0;0.03418982956943685
0.3404279554529072;0.0;0.03418982956943685
0.3421323897938973;0.0;0.03418982956943685
0.3362321142568853;0.0;0.03418982956943685
0.3404225733250998;0.0;0.03418982956943685
0.338731174411207;0.0;0.03418982956943685
0.3404186347678178;0.0;0.03418982956943685
0.339569882696232;0.0;0.03418982956943685
0.35403130753009737;0.0;0.03418982956943685
0.3395659767730907;0.0;0.03418982956943685
0.3395640158636791;0.0;0.03418982956943685
0.3395620605804234;0.0;0.03418982956943685
0.33956012730493684;0.0;0.03418982956943685
0.326788758053932;0.0;0.03418982956943685
0.33955621755350096;0.0;0.03418982956943685
0.3387117182984558;0.0;0.03418982956943685
0.3412500974315269;0.0;0.03418982956943685
0.3395503759889409;0.0;0.03418982956943685
0.3395484218479398;0.0;0.03418982956943685
0.3395464842439909;0.0;0.03418982956943685
0.33954453588619443;0.0;0.03418982956943685
0.3403893327817518;0.0;0.03418982956943685
0.33954065057147453;1.5521684210526317E-4;0.03418982956943685
0.33953869724471275;0.0;0.03418982956943685
0.34123445521595486;0.0;0.03418982956943685
0.34123250341363687;0.0;0.03418982956943685
0.3386903685279177;0.0;0.03418982956943685
0.35487775570964536;0.0;0.03418982956943685
0.3386865002296618;0.0;0.03418982956943685
0.3412246978287995;0.0;0.03418982956943685
0.33952511032680294;0.0;0.03418982956943685
0.34036987133242663;0.0;0.03418982956943685
0.34121885630360144;0.0;0.03418982956943685
0.34036598535740475;0.0;0.03418982956943685
0.3420701362766802;0.0;0.03418982956943685
0.33951544448919607;0.0;0.03418982956943685
0.34121108264773875;0.0;0.03418982956943685
0.34120920595639953;0.0;0.03418982956943685
0.33950970227140104;0.0;0.03418982956943685
0.34206046335860674;0.0;0.03418982956943685
0.3403524925466592;0.0;0.03418982956943685
0.3412014300410962;0.0;0.03418982956943685
0.33950196568769325;0.0;0.03418982956943685
0.3411975266283749;0.0;0.03418982956943685
0.3411958570641431;0.0;0.03418982956943685
0.34034333475538897;0.0;0.03418982956943685
0.3548402304081336;0.0;0.03418982956943685
0.340340015464407;0.0;0.03418982956943685
0.34033834507854266;0.0;0.03418982956943685
0.34204263402785706;0.0;0.03418982956943685
0.34033491188255693;0.0;0.03418982956943685
0.34118381235800194;0.0;0.03418982956943685
0.34033104809364945;0.0;0.03418982956943685
0.3403291164387912;0.0;0.03418982956943685
0.34203306368676145;0.0;0.03418982956943685
0.34032523178607915;0.0;0.03418982956943685
0.33779614197515057;0.0;0.03418982956943685
0.3420277448537944;0.0;0.03418982956943685
0.34117073979037793;0.0;0.03418982956943685
0.3403180092260361;0.0;0.03418982956943685
0.3411668688678098;0.0;0.03418982956943685
0.3403141264643294;0.0;0.03418982956943685
0.34031219623034126;0.0;0.03418982956943685
0.3411610418212698;0.0;0.03418982956943685
0.34115910708152825;0.0;0.03418982956943685
0.3411571725016727;0.0;0.03418982956943685
0.3539166446277699;0.0;0.03418982956943685
0.34030314431954145;0.0;0.03418982956943685
0.3403012150195598;0.0;0.03418982956943685
0.3411500340936855;0.0;0.03418982956943685
0.3402978633102244;0.0;0.03418982956943685
0.34114665791849275;0.0;0.03418982956943685
0.34029398944228206;0.0;0.03418982956943685
0.34114329869117543;0.0;0.03418982956943685
0.3402906388909457;0.0;0.03418982956943685
0.3402886398607847;0.0;0.03418982956943685
0.33859794942188065;0.0;0.03418982956943685
0.34028494183396907;0.0;0.03418982956943685
0.33943653892237674;0.0;0.03418982956943685
0.34028107015396236;0.0;0.03418982956943685
0.33943266633047203;0.0;0.03418982956943685
0.33943073842183064;0.0;0.03418982956943685
0.3394288052427951;1.5521684210526317E-4;0.03418982956943685
0.32666239557155563;0.0;0.03418982956943685
0.33942493393717355;0.0;0.03418982956943685
0.35299993822730075;0.0;0.03418982956943685
0.3394210849883533;0.0;0.03418982956943685
0.3411162429190311;0.0;0.03418982956943685
0.33941722582127;0.0;0.03418982956943685
0.33857306677819204;0.0;0.03418982956943685
0.3402597846688642;0.0;0.03418982956943685
0.33941143555736814;0.0;0.03418982956943685
0.34025590628255126;0.0;0.03418982956943685
0.3394082596718307;0.0;0.03418982956943685
0.3394065514834466;0.0;0.03418982956943685
0.3258284407455587;0.0;0.03418982956943685
0.3410996973774203;0.0;0.03418982956943685
0.34024727182251013;0.0;0.03418982956943685
0.3402453695392759;0.0;0.03418982956943685
0.3547378101931207;0.0;0.03418982956943685
0.33855297188227756;0.0;0.03418982956943685
0.3410901412007845;0.0;0.03418982956943685
0.3402376183859878;0.0;0.03418982956943685
0.33938933713657976;0.0;0.03418982956943685
0.34023375464296557;0.0;0.03418982956943685
0.3538411341399749;0.0;0.03418982956943685
0.34022993642696464;0.0;0.03418982956943685
0.3410785778497519;0.0;0.03418982956943685
0.33937975128058506;0.0;0.03418982956943685
0.34022411309443806;0.0;0.03418982956943685
0.3410727513311443;0.0;0.03418982956943685
0.33937394881071414;0.0;0.03418982956943685
0.34106889138202;0.0;0.03418982956943685
0.34106694803827003;0.0;0.03418982956943685
0.34191982073657895;0.0;0.03418982956943685
0.3393662577588999;0.0;0.03418982956943685
0.34106116251240015;0.0;0.03418982956943685
0.34105972655357486;0.0;0.03418982956943685
0.33936099534086234;0.0;0.03418982956943685
0.341055879681058;0.0;0.03418982956943685
0.34020342344274196;0.0;0.03418982956943685
0.3410519899238025;0.0;0.03418982956943685
0.340199565412146;0.0;0.03418982956943685
0.3410481675407854;0.0;0.03418982956943685
0.3419009947467188;0.0;0.03418982956943685
0.33934756841958397;0.0;0.03418982956943685
0.3546840595859381;0.0;0.03418982956943685
0.3401899381531307;0.0;0.03418982956943685
0.34189322686054907;0.0;0.03418982956943685
0.34018609320449733;0.0;0.03418982956943685
0.34103463411346374;0.0;0.03418982956943685
0.3393360243907848;0.0;0.03418982956943685
0.34103076420184203;0.0;0.03418982956943685
0.3410288077491001;0.0;0.03418982956943685
0.34017644837675304;0.0;0.03418982956943685
0.34017452422640343;0.0;0.03418982956943685
0.34102303716865223;0.0;0.03418982956943685
0.34102116453709463;0.0;0.03418982956943685
0.3410192414851861;0.0;0.03418982956943685
0.33932071501662786;0.0;0.03418982956943685
0.3410153958566497;0.0;0.03418982956943685
0.34101346784919945;0.0;0.03418982956943685
0.3410115400010199;1.5521684210526317E-4;0.03418982956943685
0.3410102306427101;0.0;0.03418982956943685
0.34015790831757803;0.0;0.03418982956943685
0.3546466363671979;0.0;0.03418982956943685
0.3393084287651936;0.0;0.03418982956943685
0.3410030166700487;0.0;0.03418982956943685
0.34185573449757284;0.0;0.03418982956943685
0.340149306649998;0.0;0.03418982956943685
0.34099779213007664;0.0;0.03418982956943685
0.3265396870148194;0.0;0.03418982956943685
0.33929795559458004;0.0;0.03418982956943685
0.33929612787647645;0.0;0.03418982956943685
0.3401403100134479;0.0;0.03418982956943685
0.340138384168669;0.0;0.03418982956943685
0.33929032740205195;0.0;0.03418982956943685
0.34013471738501766;0.0;0.03418982956943685
0.3392869759183259;0.0;0.03418982956943685
0.3392853084521591;0.0;0.03418982956943685
0.3392836680845646;0.0;0.03418982956943685
0.33760219908818356;0.0;0.03418982956943685
0.3401260098594806;0.0;0.03418982956943685
0.3528491081201182;0.0;0.03418982956943685
0.3257050410449027;0.0;0.03418982956943685
0.34012023447717193;0.0;0.03418982956943685
0.33843038836990375;0.0;0.03418982956943685
0.3401163850188941;0.0;0.03418982956943685
0.33926840465671243;0.0;0.03418982956943685
0.34011281186456255;0.0;0.03418982956943685
0.3392648514685122;0.0;0.03418982956943685
