0.0;6.208673684210527E-4;0.009975206399991597
0.767789102959564;7.760842105263158E-5;0.014927362038418593
0.692092435265565;0.0;0.014927362038418593
0.6785186535231044;0.0;0.014927362038418593
0.6920856841343471;0.0;0.014927362038418593
0.693809368442362;0.0;0.014927362038418593
0.6785100739023432;0.0;0.014927362038418593
0.6801987697122404;0.0;0.014927362038418593
0.6734784291238171;0.0;0.014927362038418593
0.6734754984264736;0.0;0.014927362038418593
0.6751391718099997;0.0;0.014927362038418593
0.6599994168966071;0.0;0.014927362038418593
0.6751374528134167;0.0;0.014927362038418593
0.6734687752648436;0.0;0.015074403775296594
0.673466144739922;0.0;0.015074403775296594
0.6616275465543001;0.0;0.015074403775296594
0.702132347710753;0.0;0.015074403775296594
0.6801747806567677;0.0;0.015074403775296594
0.6767958714861299;0.0;0.015074403775296594
0.69032837017816;0.0;0.015074403775296594
0.6903249845571301;0.0;0.015074403775296594
0.6801613614348774;0.0;0.015074403775296594
0.6801580261233328;0.0;0.015074403775296594
0.6784627424272188;0.0;0.015074403775296594
0.6784594158914994;0.0;0.015074403775296594
0.6937509600431974;0.0;0.015074403775296594
0.6801446764800029;0.0;0.01508753250180356
0.6920184264707909;0.0;0.01508753250180356
0.680137997701826;0.0;0.01508753250180356
0.6801346532786697;0.0;0.01508753250180356
0.6818316698117821;0.0;0.01508753250180356
0.6784361368237337;0.0;0.01508753250180356
0.6784328121969262;0.0;0.01508753250180356
0.6801218172445294;0.0;0.01508753250180356
0.6937208214656264;0.0;0.01508753250180356
0.6801151309678861;0.0;0.01508753250180356
0.693715062733393;0.0;0.01508753250180356
0.6818097484984963;0.0;0.01508753250180356
0.6818064194269775;0.0;0.01508753250180356
0.6767286251407012;0.0;0.01508753250180356
0.6818009179448863;0.0;0.01508753250180356
0.6767221410742809;0.0;0.01508753250180356
0.6767198508409075;0.0;0.01508753250180356
0.6615411378560143;0.0;0.01508753250180356
0.6767152929471404;0.0;0.01508753250180356
0.6767126978296695;0.0;0.01508753250180356
0.6800855496538739;0.0;0.01508753250180356
0.6885340992817569;0.0;0.01508753250180356
0.664822000005259;0.0;0.01508753250180356
0.6733615711032708;0.0;0.01508753250180356
0.6783833150042452;0.0;0.01508753250180356
0.6667695364879006;0.0;0.01508753250180356
0.6783810144910323;0.0;0.01508753250180356
0.6936752905401752;0.0;0.01508753250180356
0.6750217476209893;0.0;0.01508753250180356
0.6936698153900661;0.0;0.01508753250180356
0.6766901160219558;0.0;0.01508753250180356
0.6817619340553032;0.0;0.01508753250180356
0.6800584626912134;0.0;0.01508753250180356
0.6936562489333732;0.0;0.01508753250180356
0.6783606631602336;0.0;0.01508753250180356
0.6817496816254874;0.0;0.01508753250180356
0.6817468105974618;0.0;0.01508753250180356
0.6783522432842221;0.0;0.01508753250180356
0.6800407298319672;0.0;0.01508753250180356
0.6817384956092992;0.0;0.01508753250180356
0.6783434226305578;0.0;0.01508753250180356
0.6817318380671655;0.0;0.01508753250180356
0.6817284934703448;0.0;0.01508753250180356
0.6919001622883986;0.0;0.01508753250180356
0.6800218044223305;1.5521684210526317E-4;0.01508753250180356
0.6783268806506192;0.0;0.01508753250180356
0.6953494638417406;0.0;0.01508753250180356
0.6817118603701687;0.0;0.01508753250180356
0.6800084959693574;0.0;0.01508753250180356
0.6800051183598692;0.0;0.01508753250180356
0.6817018208258245;0.0;0.01508753250180356
0.6783069543961262;0.0;0.01508753250180356
0.6816951685299365;0.0;0.01508753250180356
0.6799928531896641;0.0;0.01508753250180356
0.6782980142751952;0.0;0.01508753250180356
0.6833946710654349;0.0;0.01508753250180356
0.6799838920303578;0.0;0.01508753250180356
0.6935801814415126;0.0;0.01508753250180356
0.6782857197051735;0.0;0.01508753250180356
0.6765993021714036;0.0;0.01508753250180356
0.6630640669542286;0.0;0.01508753250180356
0.6765926714427466;0.0;0.01508753250180356
0.678272403816453;0.0;0.01508753250180356
0.6749113237417635;0.0;0.01508753250180356
0.6765827271358059;0.0;0.01508753250180356
0.6765794128430017;0.0;0.01508753250180356
0.6646939414314144;0.0;0.01508753250180356
0.6765727742821569;0.0;0.01508753250180356
0.6782524585977313;0.0;0.01508753250180356
0.6765661473641696;0.0;0.01508753250180356
0.6765628235750618;0.0;0.01508753250180356
0.679933872361114;0.0;0.01508753250180356
0.6782391951274945;0.0;0.01508753250180356
0.6816270754008146;0.0;0.01508753250180356
0.6935223962050462;0.0;0.01508753250180356
0.6782292232461794;0.0;0.01508753250180356
0.6782259247512619;0.0;0.01508753250180356
0.6900704748779597;0.0;0.01508753250180356
0.6782192856373315;0.0;0.01508753250180356
0.6816072795915527;0.0;0.01508753250180356
0.6799042050351027;0.0;0.01508753250180356
0.6782096144267914;0.0;0.01508753250180356
0.6952292629861725;0.0;0.01508753250180356
0.6815940033197999;0.0;0.01508753250180356
0.684948449932334;0.0;0.01508753250180356
0.6815875358705574;0.0;0.01508753250180356
0.6798845119623962;0.0;0.01508753250180356
0.6798811971033664;0.0;0.01508753250180356
0.6815775771876706;0.0;0.01508753250180356
0.6798745788224551;0.0;0.01508753250180356
0.6815709643393207;0.0;0.01508753250180356
0.6781767262571095;0.0;0.01508753250180356
0.6798646370881489;0.0;0.01508753250180356
0.6798613450961895;0.0;0.01508753250180356
0.7088199616955231;0.0;0.01508753250180356
0.6798547082080579;0.0;0.01508753250180356
0.6815510454638981;0.0;0.01508753250180356
0.6798481044296603;0.0;0.01508753250180356
0.6815443826636726;0.0;0.01508753250180356
0.6798414801563972;0.0;0.01508753250180356
0.6781470179619972;0.0;0.01508753250180356
0.6798348461138499;0.0;0.01508753250180356
0.6781414350298819;0.0;0.01508753250180356
0.6781383320924973;0.0;0.01508753250180356
0.6629231719829629;1.5521684210526317E-4;0.01508753250180356
0.6781328552450787;0.0;0.01508753250180356
0.6747729970596906;0.0;0.01508753250180356
0.693414756510115;0.0;0.01508753250180356
0.6764418501534865;0.0;0.01508753250180356
0.66455932796058;0.0;0.01508753250180356
0.6764363079113704;0.0;0.01508753250180356
0.6764333132464662;0.0;0.01508753250180356
0.6798037147995847;0.0;0.01508753250180356
0.6764266958340037;0.0;0.01508753250180356
0.6645439277732983;0.0;0.01508753250180356
0.6747457934996509;0.0;0.01508753250180356
0.6780994269809655;0.0;0.01508753250180356
0.6814865970356474;0.0;0.01508753250180356
0.6797837785534927;0.0;0.01508753250180356
0.6933760803712441;0.0;0.01508753250180356
0.6899316621047841;0.0;0.01508753250180356
0.6780828553648582;0.0;0.01508753250180356
0.6797705388647903;0.0;0.01508753250180356
0.6780762475970168;0.0;0.01508753250180356
0.6899182048394752;0.0;0.01508753250180356
0.6814599889787476;0.0;0.01508753250180356
0.6797572922641264;0.0;0.01508753250180356
0.6814533929705121;0.0;0.01508753250180356
0.6814500470614869;0.0;0.01508753250180356
0.6797477074284909;0.0;0.01508753250180356
0.6797449692686707;0.0;0.01508753250180356
0.6933364868200795;0.0;0.01508753250180356
0.683145537428162;0.0;0.01508753250180356
0.6797350447975593;0.0;0.01508753250180356
0.6797317406777675;0.0;0.01508753250180356
0.6797284154103603;0.0;0.01508753250180356
0.6814244459789558;0.0;0.01508753250180356
0.679721829734155;0.0;0.01508753250180356
0.6797185372476303;0.0;0.01508753250180356
0.6677862866587934;0.0;0.01508753250180356
0.6797119872923493;0.0;0.01508753250180356
0.693302869419676;0.0;0.01508753250180356
0.6814046781839858;0.0;0.01508753250180356
0.6898554249661918;0.0;0.01508753250180356
0.6780079751861892;0.0;0.01508753250180356
0.6813947374146812;0.0;0.01508753250180356
0.6796921866917347;0.0;0.01508753250180356
0.6813880864306899;0.0;0.01508753250180356
0.6796867991538783;0.0;0.01508753250180356
0.68138272156822;0.0;0.01508753250180356
0.6796802230756367;0.0;0.01508753250180356
0.6796779258642536;0.0;0.01508753250180356
0.6932681184278083;0.0;0.01508753250180356
0.6796713368688296;0.0;0.01508753250180356
0.6762964709937501;0.0;0.01508753250180356
0.6660730931759609;0.0;0.01508753250180356
0.6746161191369776;0.0;0.01508753250180356
0.6762868433101519;0.0;0.01508753250180356
0.6779667858271439;0.0;0.01508753250180356
0.6779634956191258;0.0;0.01508753250180356
0.6627523429961308;0.0;0.01508753250180356
0.6796480404559567;0.0;0.01508753250180356
0.6897972414410677;0.0;0.01508753250180356
0.6796414345405624;0.0;0.01508753250180356
0.661099451515348;1.5521684210526317E-4;0.01508753250180356
0.679634874567779;0.0;0.01508753250180356
0.6745848403975334;0.0;0.01508753250180356
0.6796282812083195;0.0;0.01508753250180356
0.6796328857350841;0.0;0.01508753250180356
0.6660473327206077;0.0;0.01508753250180356
0.6779566981834274;0.0;0.01508753250180356
0.6796440772820257;0.0;0.01508753250180356
0.6813398935103164;0.0;0.01508753250180356
0.6932302017337556;0.0;0.01508753250180356
0.6915024058462138;0.0;0.01508753250180356
0.6762580243775665;0.0;0.01508753250180356
0.6914956706559741;0.0;0.01508753250180356
0.6813233131991963;0.0;0.01508753250180356
0.6796212654568862;0.0;0.01508753250180356
0.6813170369836017;0.0;0.01508753250180356
0.6796146974590442;0.0;0.01508753250180356
0.6813104423447474;0.0;0.01508753250180356
0.6779175629062212;0.0;0.01508753250180356
0.6813038486447311;0.0;0.01508753250180356
0.6796015536053062;0.0;0.01508753250180356
0.6931902471793098;0.0;0.01508753250180356
0.6812939224617682;0.0;0.01508753250180356
0.6779011263798017;0.0;0.01508753250180356
0.6812873524775744;0.0;0.01508753250180356
0.6795850890902129;0.0;0.01508753250180356
0.6795818075453307;0.0;0.01508753250180356
0.6812774832290394;0.0;0.01508753250180356
0.6795752451549663;0.0;0.01508753250180356
0.6795719430060043;0.0;0.01508753250180356
0.6795686410931461;0.0;0.01508753250180356
0.6812642634417233;0.0;0.01508753250180356
0.6795620699239346;0.0;0.01508753250180356
0.6795587900143047;0.0;0.01508753250180356
0.6948807736993808;0.0;0.01508753250180356
0.6812523728047389;0.0;0.01508753250180356
0.679550220475369;0.0;0.01508753250180356
0.679546920162711;0.0;0.01508753250180356
0.676171184580182;0.0;0.01508753250180356
0.6812401747203207;0.0;0.01508753250180356
0.6795380324215003;0.0;0.01508753250180356
0.6795347543033957;0.0;0.01508753250180356
0.6829388672324592;0.0;0.01508753250180356
0.6778397691791781;0.0;0.01508753250180356
0.6795273972115665;0.0;0.01508753250180356
0.6778352481241032;0.0;0.01508753250180356
0.6761507527949991;0.0;0.01508753250180356
0.6931110412263745;0.0;0.01508753250180356
0.6778282371524528;0.0;0.01508753250180356
0.6642684208683981;0.0;0.01508753250180356
0.6778216510486174;0.0;0.01508753250180356
0.6744628465258892;0.0;0.01508753250180356
0.6795053635294881;0.0;0.01508753250180356
0.676129869078303;0.0;0.01508753250180356
0.6626040880846463;0.0;0.01508753250180356
0.6794955053685752;0.0;0.01508753250180356
0.6761200287980512;0.0;0.01508753250180356
0.6777986634500096;0.0;0.01508753250180356
0.6777953228764296;0.0;0.01508753250180356
0.6761101906264186;0.0;0.01508753250180356
0.6794834226497464;1.5521684210526317E-4;0.01508753250180356
0.6794801380800884;0.0;0.01508753250180356
0.6794768643728007;0.0;0.01508753250180356
0.6794736015255962;0.0;0.01508753250180356
0.6913361597885583;0.0;0.01508753250180356
0.6777778139119522;0.0;0.01508753250180356
0.6777744962084088;0.0;0.01508753250180356
0.6896112056113379;0.0;0.01508753250180356
0.6828639458974907;0.0;0.01508753250180356
0.6794548685344736;0.0;0.01508753250180356
0.6777614397115845;0.0;0.01508753250180356
0.6947699537834412;0.0;0.01508753250180356
0.679445439717993;0.0;0.01508753250180356
0.6828479043049577;0.0;0.01508753250180356
0.6675147343819322;0.0;0.01508753250180356
0.6777455543599563;0.0;0.01508753250180356
0.681131014052563;0.0;0.01508753250180356
0.6794291095660463;0.0;0.01508753250180356
0.6811244040840049;0.0;0.01508753250180356
0.6811211154179806;0.0;0.01508753250180356
0.679419278788958;0.0;0.01508753250180356
0.6794159881763503;0.0;0.01508753250180356
0.6947334866932143;0.0;0.01508753250180356
0.6777193768486576;0.0;0.01508753250180356
0.6811046968745127;0.0;0.01508753250180356
0.6777128453835273;0.0;0.01508753250180356
0.6810981013056863;0.0;0.01508753250180356
0.6810948251472553;0.0;0.01508753250180356
0.6810915598568363;0.0;0.01508753250180356
0.6810882735271603;0.0;0.01508753250180356
0.6776965049066755;0.0;0.01508753250180356
0.6810819000295995;0.0;0.01508753250180356
0.6929677672644555;0.0;0.01508753250180356
0.682782295363895;0.0;0.01508753250180356
0.6776837178771952;0.0;0.01508753250180356
0.6810688515304206;0.0;0.01508753250180356
0.6793671595586678;0.0;0.01508753250180356
0.6776739445231122;0.0;0.01508753250180356
0.6776708546715472;0.0;0.01508753250180356
0.681055914310194;0.0;0.01508753250180356
0.6793554651042716;0.0;0.01508753250180356
0.6810505701855103;0.0;0.01508753250180356
0.6759773820943599;0.0;0.01508753250180356
0.689494143716091;0.0;0.01508753250180356
0.6640999377183262;0.0;0.01508753250180356
0.6776497313170677;0.0;0.01508753250180356
0.677646422916166;0.0;0.01508753250180356
0.6776431570287985;0.0;0.01508753250180356
0.6640897270336669;0.0;0.01508753250180356
0.6793292096635546;0.0;0.01508753250180356
0.6759546021780527;0.0;0.01508753250180356
0.6776328162326298;0.0;0.01508753250180356
0.6759480885026196;0.0;0.01508753250180356
0.6657297638570101;0.0;0.01508753250180356
0.689460364274248;0.0;0.01508753250180356
0.6793095513967176;0.0;0.01508753250180356
0.6759350007116651;0.0;0.01508753250180356
0.6657169162842026;0.0;0.01508753250180356
0.6759290270932108;0.0;0.01508753250180356
0.6792969728146788;1.5521684210526317E-4;0.01508753250180356
0.6792937122616628;0.0;0.01508753250180356
0.6826954166109113;0.0;0.01508753250180356
0.6792871600952712;0.0;0.01508753250180356
0.6911460005402654;0.0;0.01508753250180356
0.679280534781546;0.0;0.01508753250180356
0.691139270777997;0.0;0.01508753250180356
0.6809721376282158;0.0;0.01508753250180356
0.6775809868376391;0.0;0.01508753250180356
0.6809656143249838;0.0;0.01508753250180356
0.6775744542342482;0.0;0.01508753250180356
0.6792609078599383;0.0;0.01508753250180356
0.6809568051981232;0.0;0.01508753250180356
0.6792553795947321;0.0;0.01508753250180356
0.6809502523286848;0.0;0.01508753250180356
0.6792488858339082;0.0;0.01508753250180356
0.6893923359035585;0.0;0.01508753250180356
0.6809406247895728;0.0;0.01508753250180356
0.6792392512690052;0.0;0.01508753250180356
0.682640665301743;0.0;0.01508753250180356
0.6792326752295864;0.0;0.01508753250180356
0.6792294192750005;0.0;0.01508753250180356
0.6809242183631071;0.0;0.01508753250180356
0.6792228974875905;0.0;0.01508753250180356
0.6809177590000812;0.0;0.01508753250180356
0.6792164018525547;0.0;0.01508753250180356
0.6945294035189812;0.0;0.01508753250180356
0.6809079278076323;0.0;0.01508753250180356
0.6775170272354049;0.0;0.01508753250180356
0.682607859187096;0.0;0.01508753250180356
0.679200098464493;0.0;0.01508753250180356
0.680894815750661;0.0;0.01508753250180356
0.6639539223747609;0.0;0.01508753250180356
0.6808882611201647;0.0;0.01508753250180356
0.6791870218933731;0.0;0.01508753250180356
0.6808822473516687;0.0;0.01508753250180356
0.6927651825702595;0.0;0.01508753250180356
0.6893240005891418;0.0;0.01508753250180356
0.6808731423066119;0.0;0.01508753250180356
0.6825773465441262;0.0;0.01508753250180356
0.6655862626134205;0.0;0.01508753250180356
0.6791664042816411;0.0;0.01508753250180356
0.6808620711362416;0.0;0.01508753250180356
0.6808590224722282;0.0;0.01508753250180356
0.6774683898583519;0.0;0.01508753250180356
0.6791555731084371;0.0;0.01508753250180356
0.6741093103335383;0.0;0.01508753250180356
0.6639105768148486;0.0;0.01508753250180356
0.6791464652348856;0.0;0.01508753250180356
0.6910028376891014;0.0;0.01508753250180356
0.679139902739011;0.0;0.01508753250180356
0.6622509335831747;0.0;0.01508753250180356
0.6774439231927017;0.0;0.01508753250180356
0.6757596777464491;0.0;0.01508753250180356
0.6791268227450061;0.0;0.01508753250180356
0.6757531921254587;0.0;0.01508753250180356
0.6638824098094105;0.0;0.01508753250180356
0.6774278011519496;0.0;0.01508753250180356
0.67911461118518;0.0;0.01508753250180356
0.6774220109713327;0.0;0.01508753250180356
0.6909671043814254;1.5521684210526317E-4;0.01508753250180356
0.6622198854428736;0.0;0.01508753250180356
0.6791015458904811;0.0;0.01508753250180356
0.6790983099264907;0.0;0.01508753250180356
0.6824990383400652;0.0;0.01508753250180356
0.6774025029387846;0.0;0.01508753250180356
0.6926703002286083;0.0;0.01508753250180356
0.677395975131479;0.0;0.01508753250180356
0.6807797015414564;0.0;0.01508753250180356
0.6740360665162977;0.0;0.01508753250180356
0.6943886376604695;0.0;0.01508753250180356
0.679072209197459;0.0;0.01508753250180356
0.6790689647658065;0.0;0.01508753250180356
0.6807633531874892;0.0;0.01508753250180356
0.6807600905481268;0.0;0.01508753250180356
0.6773699572386022;0.0;0.01508753250180356
0.6790559156170677;0.0;0.01508753250180356
0.680750304017071;0.0;0.01508753250180356
0.6807470528576529;0.0;0.01508753250180356
0.6807437702640597;0.0;0.01508753250180356
0.6909008258282267;0.0;0.01508753250180356
0.6824433775414355;0.0;0.01508753250180356
0.6790364277891677;0.0;0.01508753250180356
0.6807307477459911;0.0;0.01508753250180356
0.6773407834991632;0.0;0.01508753250180356
0.6824303136525088;0.0;0.01508753250180356
0.6790234299745858;0.0;0.01508753250180356
0.6773310840398694;0.0;0.01508753250180356
0.6824205102319597;0.0;0.01508753250180356
0.6773245873909364;0.0;0.01508753250180356
0.6670938026901565;0.0;0.01508753250180356
0.6943188080340532;0.0;0.01508753250180356
0.6807014552734121;0.0;0.01508753250180356
0.6790007057983413;0.0;0.01508753250180356
0.6891402856323527;0.0;0.01508753250180356
0.6806916917440535;0.0;0.01508753250180356
0.6789909673043277;0.0;0.01508753250180356
0.6823911758699569;0.0;0.01508753250180356
0.6789844901417557;0.0;0.01508753250180356
0.6654015959558673;0.0;0.01508753250180356
0.6789789775279579;0.0;0.01508753250180356
0.6942866318969967;0.0;0.01508753250180356
0.6789724916201756;0.0;0.01508753250180356
0.680667664423313;0.0;0.01508753250180356
0.6789669806475525;0.0;0.01508753250180356
0.6806611530778006;0.0;0.01508753250180356
0.677272752009297;0.0;0.01508753250180356
0.6789584329465231;0.0;0.01508753250180356
0.6772662009850983;0.0;0.01508753250180356
0.663717713525609;0.0;0.01508753250180356
0.6772597242544286;0.0;0.01508753250180356
0.6755759490461752;0.0;0.01508753250180356
0.6925222093520266;0.0;0.01508753250180356
0.6772511701575844;0.0;0.01508753250180356
0.6637029638629471;0.0;0.01508753250180356
0.6772451880090441;0.0;0.01508753250180356
0.6772421266840636;0.0;0.01508753250180356
0.6789277649970554;0.0;0.01508753250180356
0.6636914536105798;0.0;0.01508753250180356
0.677233443561989;0.0;0.01508753250180356
0.675549725026723;1.5521684210526317E-4;0.01508753250180356
0.6755464867301465;0.0;0.01508753250180356
0.6772237045058426;0.0;0.01508753250180356
0.6772204586145737;0.0;0.01508753250180356
0.6772172382793397;0.0;0.01508753250180356
0.6806000838568984;0.0;0.01508753250180356
0.680596843471535;0.0;0.01508753250180356
0.6805936033146219;0.0;0.01508753250180356
0.6788930571112732;0.0;0.01508753250180356
0.6772053694133516;0.0;0.01508753250180356
0.6924723719470411;0.0;0.01508753250180356
0.6772024457269252;0.0;0.01508753250180356
0.6805851766020993;0.0;0.01508753250180356
0.6924623881485727;0.0;0.01508753250180356
0.6771926618042928;0.0;0.01508753250180356
0.6805753549764407;0.0;0.01508753250180356
0.680572085072286;0.0;0.01508753250180356
0.6805688574530006;0.0;0.01508753250180356
0.6771797104834055;0.0;0.01508753250180356
0.6805623608483068;0.0;0.01508753250180356
0.6788619475108341;0.0;0.01508753250180356
0.6822615189595634;0.0;0.01508753250180356
0.6788554894492006;0.0;0.01508753250180356
0.6652752155444717;0.0;0.01508753250180356
0.6924259487959141;0.0;0.01508753250180356
0.6771570701796533;0.0;0.01508753250180356
0.6822452325391813;0.0;0.01508753250180356
0.6805363836131;0.0;0.01508753250180356
0.6788360264156609;0.0;0.01508753250180356
0.6788328095752786;0.0;0.01508753250180356
0.6906837493946746;0.0;0.01508753250180356
0.6805233689949729;0.0;0.01508753250180356
0.6652468305344938;0.0;0.01508753250180356
0.6805171097256805;0.0;0.01508753250180356
0.6788169044626867;0.0;0.01508753250180356
0.6923899413923158;0.0;0.01508753250180356
0.67881102135984;0.0;0.01508753250180356
0.678808319430937;0.0;0.01508753250180356
0.6805026422034267;0.0;0.01508753250180356
0.6804999128441988;0.0;0.01508753250180356
0.6804972046404237;0.0;0.01508753250180356
0.6787975028392994;0.0;0.01508753250180356
0.6787948017078361;0.0;0.01508753250180356
0.6804890599980453;0.0;0.01508753250180356
0.6787888137209621;0.0;0.01508753250180356
0.6940922047933953;0.0;0.01508753250180356
0.6804793219103229;0.0;0.01508753250180356
0.6787801354586388;0.0;0.01508753250180356
0.6787769121301163;0.0;0.01508753250180356
0.6787736785642683;0.0;0.01508753250180356
0.6685303354916151;0.0;0.01508753250180356
0.6770804783380415;0.0;0.01508753250180356
0.6770777230563233;0.0;0.01508753250180356
0.6787629738802469;0.0;0.01508753250180356
0.6770712634074502;0.0;0.01508753250180356
0.6618802101753734;0.0;0.01508753250180356
0.692337212623983;0.0;0.01508753250180356
0.6770707976615463;0.0;0.01508753250180356
0.6770680953765252;0.0;0.01508753250180356
0.6787537937941387;0.0;0.01508753250180356
0.6618744009995521;1.5521684210526317E-4;0.01508753250180356
0.6787472994558276;0.0;0.01508753250180356
0.6770556502364001;0.0;0.01508753250180356
0.6787408374058561;0.0;0.01508753250180356
0.663508210401574;0.0;0.01508753250180356
0.6787348780714617;0.0;0.01508753250180356
0.6905841258381799;0.0;0.01508753250180356
0.6753600489314928;0.0;0.01508753250180356
0.6770373068828517;0.0;0.01508753250180356
0.6618475275634218;0.0;0.01508753250180356
0.6804170659680704;0.0;0.01508753250180356
0.6770291439060204;0.0;0.01508753250180356
0.6804113772657029;0.0;0.01508753250180356
0.6787113724073217;0.0;0.01508753250180356
0.6804048827407154;0.0;0.01508753250180356
0.6787048527440914;0.0;0.01508753250180356
0.6787021364919471;0.0;0.01508753250180356
0.6922734088090982;0.0;0.01508753250180356
0.677007904074055;0.0;0.01508753250180356
0.6786929755538916;0.0;0.01508753250180356
0.6922635432137718;0.0;0.01508753250180356
0.6786865316146469;0.0;0.01508753250180356
0.6769950274203752;0.0;0.01508753250180356
0.6684403127763726;0.0;0.01508753250180356
0.6786768413051466;0.0;0.01508753250180356
0.6905250797608613;0.0;0.01508753250180356
0.6803670756376866;0.0;0.01508753250180356
0.6786671948038001;0.0;0.01508753250180356
0.6803606292406936;0.0;0.01508753250180356
0.6803574063821088;0.0;0.01508753250180356
0.6786575503369819;0.0;0.01508753250180356
0.6803509194967119;0.0;0.01508753250180356
0.6786520612021631;0.0;0.01508753250180356
0.6820506063490747;0.0;0.01508753250180356
0.6786456903532263;0.0;0.01508753250180356
0.6803390830489362;0.0;0.01508753250180356
0.6786394287497788;0.0;0.01508753250180356
0.6803327957826565;0.0;0.01508753250180356
0.6803295749284691;0.0;0.01508753250180356
0.6922023860867825;0.0;0.01508753250180356
0.6786265257628452;0.0;0.01508753250180356
0.6820249132787481;0.0;0.01508753250180356
0.665047679231979;0.0;0.01508753250180356
0.6786168691599771;0.0;0.01508753250180356
0.6803102487980494;0.0;0.01508753250180356
0.6803070295317761;0.0;0.01508753250180356
0.676919172823354;0.0;0.01508753250180356
0.6803005498765018;0.0;0.01508753250180356
0.6802972999429401;0.0;0.01508753250180356
0.6938999525603555;0.0;0.01508753250180356
0.6802908530079416;0.0;0.01508753250180356
0.6769030883206469;0.0;0.01508753250180356
0.6802843547470356;0.0;0.01508753250180356
0.6802811372999322;0.0;0.01508753250180356
0.6785836251898557;0.0;0.01508753250180356
0.6802768776238151;0.0;0.01508753250180356
0.6785771448057683;0.0;0.01508753250180356
0.6650034283958721;0.0;0.01508753250180356
0.6802681478273761;0.0;0.01508753250180356
0.6938702302613196;0.0;0.01508753250180356
0.6802628864948882;1.5521684210526317E-4;0.01508753250180356
0.6768752630729544;0.0;0.01508753250180356
0.6819613271491174;0.0;0.01508753250180356
0.6785578173958595;0.0;0.01508753250180356
0.6785545373878925;0.0;0.01508753250180356
0.6751838093773618;0.0;0.01508753250180356
0.6649771205434797;0.0;0.01508753250180356
0.6785450742372375;0.0;0.01508753250180356
0.6768539425419161;0.0;0.01508753250180356
0.6785386516192164;0.0;0.01508753250180356
0.6768475052055818;0.0;0.01508753250180356
0.6768442972598803;0.0;0.01508753250180356
0.6785289621499221;0.0;0.01508753250180356
0.6751583628713801;0.0;0.01508753250180356
0.6785225209875747;0.0;0.01508753250180356
0.6632947976979986;0.0;0.01508753250180356
0.6785161360612394;0.0;0.01508753250180356
0.6751483212120996;0.0;0.01508753250180356
0.6751450916568691;0.0;0.01508753250180356
0.6734719502870326;0.0;0.01508753250180356
0.6649370361675829;0.0;0.01508753250180356
0.6903524257106873;0.0;0.01508753250180356
0.6785007211577666;0.0;0.01508753250180356
0.6768097134234198;0.0;0.01508753250180356
0.6801905512457225;0.0;0.01508753250180356
0.6784911129438345;0.0;0.01508753250180356
0.6801844535357665;0.0;0.01508753250180356
0.67848532195639;0.0;0.01508753250180356
0.6784821200741428;0.0;0.01508753250180356
0.6767911184379436;0.0;0.01508753250180356
0.6784756961957351;0.0;0.01508753250180356
0.6903204052145994;0.0;0.01508753250180356
0.680165425567752;0.0;0.01508753250180356
0.6784660516817212;0.0;0.01508753250180356
0.6801590235373117;0.0;0.01508753250180356
0.678459666067833;0.0;0.01508753250180356
0.6784564659887506;0.0;0.01508753250180356
0.6801493992994477;0.0;0.01508753250180356
0.6784500561158505;0.0;0.01508753250180356
0.6801429738525354;0.0;0.01508753250180356
0.6784436575300399;0.0;0.01508753250180356
0.6801365597201051;0.0;0.01508753250180356
0.6920060050384608;0.0;0.01508753250180356
0.6784340301806948;0.0;0.01508753250180356
0.678430831899418;0.0;0.01508753250180356
0.6801237029270022;0.0;0.01508753250180356
0.6818250597490025;0.0;0.01508753250180356
0.678421238401024;0.0;0.01508753250180356
0.6665117941982135;0.0;0.01508753250180356
0.6784148230963409;0.0;0.01508753250180356
0.6801076552271007;0.0;0.01508753250180356
0.6784084294511658;0.0;0.01508753250180356
0.6937032709680795;0.0;0.01508753250180356
0.676714448744281;0.0;0.01508753250180356
0.6800958082747904;0.0;0.01508753250180356
0.6817970971824373;0.0;0.01508753250180356
0.6767058714713731;0.0;0.01508753250180356
0.6800861974425128;0.0;0.01508753250180356
0.6783869955932996;0.0;0.01508753250180356
0.6800797497484754;0.0;0.01508753250180356
0.680076547038634;1.5521684210526317E-4;0.01508753250180356
0.6800733445532319;0.0;0.01508753250180356
0.6766867087485031;0.0;0.01508753250180356
0.6800669298597943;0.0;0.01508753250180356
0.6800637280482975;0.0;0.01508753250180356
0.6800605264611456;0.0;0.01508753250180356
0.6800573250983152;0.0;0.01508753250180356
0.6783582283888104;0.0;0.01508753250180356
0.6783550043579957;0.0;0.01508753250180356
0.6783518116519374;0.0;0.01508753250180356
0.6783497740519736;0.0;0.01508753250180356
0.6766590904175196;0.0;0.01508753250180356
0.680040093422737;0.0;0.01508753250180356
0.6936386525358375;0.0;0.01508753250180356
0.680034684594345;0.0;0.01508753250180356
0.6749691954182371;0.0;0.01508753250180356
0.6783326322648581;0.0;0.01508753250180356
0.6614637609940243;0.0;0.01508753250180356
0.6783262193844999;0.0;0.01508753250180356
0.6766356581022517;0.0;0.01508753250180356
0.6783202838716014;0.0;0.01508753250180356
0.6630971227638324;0.0;0.01508753250180356
0.6766265351178039;0.0;0.01508753250180356
0.6783106726741625;0.0;0.01508753250180356
0.6884400639120515;0.0;0.01508753250180356
0.6783043092842959;0.0;0.01508753250180356
0.663081517836547;0.0;0.01508753250180356
0.6766106128409832;0.0;0.01508753250180356
0.6766073702354559;0.0;0.01508753250180356
0.6782914613564649;0.0;0.01508753250180356
0.6630689590702515;0.0;0.01508753250180356
0.6799807357846417;0.0;0.016316381302855433
0.6765945260090448;0.0;0.016316381302855433
0.6799742720974429;0.0;0.016316381302855433
0.6782753884336656;0.0;0.016316381302855433
0.6901166247097636;0.0;0.016316381302855433
0.6799646534023407;0.0;0.016316381302855433
0.6748997007574709;0.0;0.016316381302855433
0.67995825421971;0.0;0.016316381302855433
0.6782594012766346;0.0;0.016316381302855433
0.6782561843654876;0.0;0.016316381302855433
0.6782529573389824;0.0;0.016316381302855433
0.6799453963387544;0.0;0.016316381302855433
0.6799422031686353;0.0;0.016316381302855433
0.6782433810366675;0.0;0.016316381302855433
0.6799357864018165;0.0;0.016316381302855433
0.6918017414286117;0.0;0.016316381302855433
0.6782338170870307;0.0;0.016316381302855433
0.6799261888518598;0.0;0.016316381302855433
0.679922997025611;0.0;0.016316381302855433
0.6782242241383432;0.0;0.016316381302855433
0.679916582959196;0.0;0.027021544896634254
0.678217836852269;0.0;0.027021544896634254
0.6679819517357402;0.0;0.027021544896634254
0.690055003213158;0.0;0.027021544896634254
0.6799039450326851;0.0;0.027021544896634254
0.6934988369149361;0.0;0.027021544896634254
0.6662996778541139;0.0;0.027021544896634254
0.6765118709341676;0.0;0.027021544896634254
0.6798912406942901;0.0;0.027021544896634254
0.6765055237042775;1.5521684210526317E-4;0.027021544896634254
0.6798848621743417;0.0;0.027021544896634254
0.679881673248895;0.0;0.027021544896634254
0.6900260612065867;0.0;0.027021544896634254
0.6798753685299065;0.0;0.027021544896634254
0.6629599268843839;0.0;0.027021544896634254
0.6934663615167511;0.0;0.027021544896634254
0.6798657940640808;0.0;0.027021544896634254
0.678167188500613;0.0;0.027021544896634254
0.6798594191024955;0.0;0.027021544896634254
0.6798562009134108;0.0;0.027021544896634254
0.6798540027655727;0.0;0.034468158571384494
0.6781554274653606;0.0;0.034468158571384494
0.6798476295252308;0.0;0.034468158571384494
0.6764631163318783;0.0;0.034468158571384494
0.6815460903551211;0.0;0.034468158571384494
0.6781436800571282;0.0;0.034468158571384494
0.6934335790264342;0.0;0.034468158571384494
0.6629223717302645;0.0;0.034468158571384494
0.6798310816283639;0.0;0.034468158571384494
0.6747673277470042;0.0;0.034468158571384494
0.6781295326660065;0.0;0.034468158571384494
0.6764394642154745;0.0;0.034468158571384494
0.6629075596650978;0.0;0.034468158571384494
0.6781199517311678;0.0;0.034468158571384494
0.676429918069485;0.0;0.034468158571384494
0.6781135896211606;0.0;0.034468158571384494
0.6628950907058606;0.0;0.034468158571384494
0.6916693519388464;0.0;0.034468158571384494
0.6764172067110176;0.0;0.034468158571384494
0.6781011941490257;0.0;0.034468158571384494
0.6764111364980758;0.0;0.034468158571384494
0.6628798105355344;0.0;0.034468158571384494
0.6764047933115809;0.0;0.034468158571384494
0.6764016169115508;0.0;0.034468158571384494
0.6763984304555748;0.0;0.034468158571384494
0.6645203750980809;0.0;0.034468158571384494
0.6747136865147709;0.0;0.034468158571384494
0.6916371612949708;0.0;0.034468158571384494
0.6763857176983997;0.0;0.034468158571384494
0.678069261541688;0.0;0.034468158571384494
0.6814649165988635;0.0;0.034468158571384494
0.6780629168491559;0.0;0.034468158571384494
0.6780597448351678;0.0;0.034468158571384494
0.6780565627450008;0.0;0.034468158571384494
0.6763666911966376;0.0;0.034468158571384494
0.6780501683446989;0.0;0.034468158571384494
0.6797421353563647;0.0;0.034468158571384494
0.6763571295951614;0.0;0.034468158571384494
0.6933304513695139;0.0;0.034468158571384494
0.6780374645908437;0.0;0.034468158571384494
0.6780342737686257;0.0;0.034468158571384494
0.6780320887242768;0.0;0.034468158571384494
0.6797239911959724;0.0;0.034468158571384494
0.679721998506592;0.0;0.034468158571384494
0.6763371252190931;0.0;0.034468158571384494
0.6780207697083921;0.0;0.034468158571384494
0.6797126447275079;0.0;0.034468158571384494
0.679709468044073;0.0;0.034468158571384494
0.6797062812695085;0.0;0.034468158571384494
0.6797030637817603;1.5521684210526317E-4;0.034468158571384494
0.691564962598185;0.0;0.034468158571384494
0.6814002021685212;0.0;0.034468158571384494
0.6779985400520407;0.0;0.034468158571384494
0.6644355106543041;0.0;0.034468158571384494
0.6796872221458224;0.0;0.034468158571384494
0.6779890642713496;0.0;0.034468158571384494
0.6796808519411849;0.0;0.034468158571384494
0.6779826898360214;0.0;0.034468158571384494
0.67798002723216;0.0;0.034468158571384494
0.6796723185015782;0.0;0.034468158571384494
0.6779747024930213;0.0;0.034468158571384494
0.6932602888478138;0.0;0.034468158571384494
0.6762828771355349;0.0;0.034468158571384494
0.68136504596186;0.0;0.034468158571384494
0.6779636438343689;0.0;0.034468158571384494
0.6796553285314945;0.0;0.034468158571384494
0.6660591127333116;0.0;0.034468158571384494
0.6779540981450569;0.0;0.034468158571384494
0.6796458111517759;0.0;0.034468158571384494
0.6779477388919485;0.0;0.034468158571384494
0.6796394055521194;0.0;0.034468158571384494
0.6915002081406865;0.0;0.034468158571384494
0.681336403640965;0.0;0.034468158571384494
0.6779350333291108;0.0;0.034468158571384494
0.6796267000065761;0.0;0.034468158571384494
0.6779286972845286;0.0;0.034468158571384494
0.6779265083161944;0.0;0.034468158571384494
0.6813214373210125;0.0;0.034468158571384494
0.6779201632681959;0.0;0.034468158571384494
0.6796129773056733;0.0;0.034468158571384494
0.6643566895255822;0.0;0.034468158571384494
0.677911796997313;0.0;0.034468158571384494
0.6914678117430398;0.0;0.034468158571384494
0.6796014430268696;0.0;0.034468158571384494
0.6779035051771117;0.0;0.034468158571384494
0.6762150511263586;0.0;0.034468158571384494
0.6778983663979589;0.0;0.034468158571384494
0.6626852231563569;0.0;0.034468158571384494
0.6778925385374073;0.0;0.034468158571384494
0.6762030764525258;0.0;0.034468158571384494
0.6778861882535177;0.0;0.034468158571384494
0.6643253783070738;0.0;0.034468158571384494
0.6761935808343674;0.0;0.034468158571384494
0.6880027821451693;0.0;0.034468158571384494
0.676188486732353;0.0;0.034468158571384494
0.6778715568772502;0.0;0.034468158571384494
0.6626586534271313;0.0;0.034468158571384494
0.6761791389006013;1.5521684210526317E-4;0.03463620627067364
0.6761759479252856;0.0;0.03463620627067364
0.6778590145348569;0.0;0.03463620627067364
0.6761696484557265;0.0;0.03463620627067364
0.6778526792948664;0.0;0.03463620627067364
0.6626400327676106;0.0;0.03463620627067364
0.6778463449403306;0.0;0.03463620627067364
0.6896801202012279;0.0;0.03463620627067364
0.6778399704806182;0.0;0.03463620627067364
0.6778368143276586;0.0;0.03463620627067364
0.6812313208426095;0.0;0.03463620627067364
0.6761443571521122;0.0;0.03463620627067364
0.6795219052852005;1.5521684210526317E-4;0.03463620627067364
0.6761380416460292;0.0;0.03463620627067364
0.6778209856430695;0.0;0.03463620627067364
0.6778177795992643;0.0;0.03463620627067364
0.6744507399347438;0.0;0.03463620627067364
0.6930960669053892;0.0;0.03463620627067364
0.6778082754736738;0.0;0.03463620627067364
0.6778050600895177;0.0;0.03463620627067364
0.6794964008688709;0.0;0.03463620627067364
0.6777987426268575;0.0;0.03463620627067364
0.6794900885812355;0.0;0.03463620627067364
0.6794869173727779;0.0;0.03463620627067364
0.6777892629666441;0.0;0.03463620627067364
0.6777861103444027;0.0;0.03463620627067364
0.6811803559660761;0.0;0.03463620627067364
0.6913353914347244;0.0;0.03463620627067364
0.6794710954287666;0.0;0.03463620627067364
0.6794679255466611;0.0;0.03463620627067364
0.6642149134322992;0.0;0.03463620627067364
0.6777671787562728;0.0;0.03463620627067364
0.6794584274842802;0.0;0.03463620627067364
0.6777608665755235;0.0;0.03463620627067364
0.6794521204740456;0.0;0.03463620627067364
0.6794489314090035;0.0;0.03463620627067364
0.6777513948403839;0.0;0.03463620627067364
0.6811454894417578;0.0;0.03463620627067364
0.6912999969876629;0.0;0.03463620627067364
0.6794363004013056;0.0;0.03463620627067364
0.6760528584060002;0.0;0.03463620627067364
0.6811327874354381;0.0;0.03463620627067364
0.6777324675367528;0.0;0.03463620627067364
0.6641747024350134;0.0;0.03463620627067364
0.6794214392914062;0.0;0.03463620627067364
0.6777240298718678;0.0;0.03463620627067364
0.6794151635404949;0.0;0.03463620627067364
0.677717713563705;0.0;0.03463620627067364
0.6794090269922564;0.0;0.03463620627067364
0.6929939891683674;0.0;0.03463620627067364
0.6794027166945792;0.0;0.03463620627067364
0.6777052679772632;0.0;0.03463620627067364
0.6777030618562809;0.0;0.03463620627067364
0.6776999153142835;0.0;0.03463620627067364
0.6793909904325455;0.0;0.03463620627067364
0.6776945838353406;0.0;0.03463620627067364
0.6793857232943605;0.0;0.03463620627067364
0.6793825697317556;0.0;0.03463620627067364
0.6793804001201803;0.0;0.03463620627067364
0.6912366793208303;0.0;0.03463620627067364
0.6810766833703945;0.0;0.03463620627067364
0.6624720260016762;0.0;0.03463620627067364
0.6793686700591538;0.0;0.03463620627067364
0.6776713189878475;0.0;0.03463620627067364
0.6776681339312867;0.0;0.03463620627067364
0.6743018577714235;0.0;0.03463620627067364
0.6624565678230254;0.0;0.03463620627067364
0.6742955813182229;0.0;0.03463620627067364
0.6776554673846219;0.0;0.03463620627067364
0.6759666117841611;0.0;0.03463620627067364
0.6912021337621966;0.0;0.03463620627067364
0.6624411150473968;0.0;0.03463620627067364
0.6776428043847972;1.5521684210526317E-4;0.03463620627067364
0.675953991341397;0.0;0.03463620627067364
0.6759520273592944;0.0;0.03463620627067364
0.6640818642663983;0.0;0.03463620627067364
0.6759457431156906;0.0;0.03463620627067364
0.6776282213440477;0.0;0.03463620627067364
0.6759394456298825;0.0;0.03463620627067364
0.675936302302848;0.0;0.03463620627067364
0.6624144661067668;0.0;0.03463620627067364
0.6911689623104765;0.0;0.03463620627067364
0.6759278531650387;0.0;0.03463620627067364
0.6759247208510384;0.0;0.03463620627067364
0.6793011456002588;0.0;0.03463620627067364
0.6657120080606707;0.0;0.03463620627067364
0.6776008078570933;0.0;0.03463620627067364
0.6775976686106157;0.0;0.03463620627067364
0.6792885711067439;0.0;0.03463620627067364
0.6894240025045121;0.0;0.03463620627067364
0.6775882664810888;0.0;0.03463620627067364
0.6894175951904643;0.0;0.03463620627067364
0.6775819593887622;0.0;0.03463620627067364
0.6792731770383696;0.0;0.03463620627067364
0.6775761014082453;0.0;0.03463620627067364
0.6775729231349066;0.0;0.03463620627067364
0.6792637000813404;0.0;0.03463620627067364
0.6775666385538196;0.0;0.03463620627067364
0.6775635118675162;0.0;0.03463620627067364
0.679254265943001;0.0;0.03463620627067364
0.6775572285954004;0.0;0.03463620627067364
0.6928329371612539;0.0;0.03463620627067364
0.6775509461971209;0.0;0.03463620627067364
0.6656568463431889;0.0;0.03463620627067364
0.6775446850325902;0.0;0.03463620627067364
0.6959653350212399;0.0;0.03463620627067364
0.6673159007497179;0.0;0.03463620627067364
0.6775352853653777;0.0;0.03463620627067364
0.6792259504434371;0.0;0.03463620627067364
0.6775289856721015;0.0;0.03463620627067364
0.6792196762484523;0.0;0.03463620627067364
0.6775227173827638;0.0;0.03463620627067364
0.692797629366111;0.0;0.03463620627067364
0.6792102206901254;0.0;0.03463620627067364
0.6775132555421843;0.0;0.03463620627067364
0.6792038976863346;0.0;0.03463620627067364
0.6775069996075394;0.0;0.03463620627067364
0.6808998660158038;0.0;0.03463620627067364
0.6656105864896564;0.0;0.03463620627067364
0.6774975919070614;0.0;0.03463620627067364
0.677494449663367;0.0;0.03463620627067364
0.6774913178063963;0.0;0.03463620627067364
0.6791818862466679;0.0;0.03463620627067364
0.6927623011453174;0.0;0.03463620627067364
0.6791755672000547;0.0;0.03463620627067364
0.6774800718132462;0.0;0.03463620627067364
0.6791706129761594;0.0;0.03463620627067364
0.6791674745587057;0.0;0.03463620627067364
0.6774716590444855;0.0;0.03463620627067364
0.6808643406519209;0.0;0.03463620627067364
0.677465358233379;0.0;0.03463620627067364
0.6655737480666162;0.0;0.03463620627067364
0.6774602837580507;1.5521684210526317E-4;0.03463620627067364
0.691006256035096;0.0;0.03463620627067364
0.6740930887433317;0.0;0.03463620627067364
0.6774519286492887;0.0;0.03463620627067364
0.6740867003770145;0.0;0.03463620627067364
0.663896691043445;0.0;0.03463620627067364
0.6757572843928885;0.0;0.03463620627067364
0.6774393061077093;0.0;0.03463620627067364
0.6757510136259066;0.0;0.03463620627067364
0.662232916035421;0.0;0.03463620627067364
0.6774298927194917;0.0;0.03463620627067364
0.6757416141773976;0.0;0.03463620627067364
0.6909730575724007;0.0;0.03463620627067364
0.677421439445672;0.0;0.03463620627067364
0.6622185189026675;0.0;0.03463620627067364
0.6774151763421216;0.0;0.03463620627067364
0.6757271318154757;0.0;0.03463620627067364
0.6757240136535401;0.0;0.03463620627067364
0.6622069539749945;0.0;0.03463620627067364
0.6774033366484593;0.0;0.03463620627067364
0.6757150855670971;0.0;0.03463620627067364
0.6773969949081847;0.0;0.03463620627067364
0.675708810648424;0.0;0.03463620627067364
0.679084212054935;0.0;0.03463620627067364
0.6773876673479733;0.0;0.03463620627067364
0.6875032692996417;0.0;0.03463620627067364
0.6756963401083677;0.0;0.03463620627067364
0.6756932038503419;0.0;0.03463620627067364
0.679068497817114;0.0;0.03463620627067364
0.6892006603126846;0.0;0.03463620627067364
0.6790622255354007;0.0;0.03463620627067364
0.665477902946009;0.0;0.03463620627067364
0.6773624767866069;0.0;0.03463620627067364
0.6790527526856873;0.0;0.03463620627067364
0.6891846916038086;0.0;0.03463620627067364
0.6790464927503934;0.0;0.03463620627067364
0.6790433427862953;0.0;0.03463620627067364
0.6773468259768451;0.0;0.03463620627067364
0.6773437045742228;0.0;0.03463620627067364
0.6807357844661214;0.0;0.03463620627067364
0.6773374421521619;0.0;0.03463620627067364
0.6790276572029147;0.0;0.03463620627067364
0.6773311907315228;0.0;0.03463620627067364
0.679021370275947;0.0;0.03463620627067364
0.6908714079842709;0.0;0.03463620627067364
0.6654347924907706;0.0;0.03463620627067364
0.6790119669102651;0.0;0.03463620627067364
0.6790088396587329;0.0;0.03463620627067364
0.6773124011637405;0.0;0.03463620627067364
0.677309272018544;0.0;0.03463620627067364
0.6789994185993546;0.0;0.03463620627067364
0.6789963023668123;0.0;0.03463620627067364
0.6772999061353341;0.0;0.03463620627067364
0.6789909994118144;0.0;0.03463620627067364
0.6925676207692523;0.0;0.03463620627067364
0.6789847379520166;0.0;0.03463620627067364
0.6772884567385477;0.0;0.03463620627067364
0.6653989916521675;0.0;0.03463620627067364
0.6772822223086172;0.0;0.03463620627067364
0.6772790649395729;0.0;0.03463620627067364
0.6806708151753348;1.5521684210526317E-4;0.03463620627067364
0.6772728318095741;0.0;0.03463620627067364
0.6806645512350917;0.0;0.03463620627067364
0.6772665995422367;0.0;0.03463620627067364
0.6772634635001805;0.0;0.03463620627067364
0.6925325687522536;0.0;0.03463620627067364
0.678950385750422;0.0;0.03463620627067364
0.677254117367199;0.0;0.03463620627067364
0.6772510024206301;0.0;0.03463620627067364
0.6772478775771575;0.0;0.03463620627067364
0.6653590677993129;0.0;0.03463620627067364
0.6772415982078405;0.0;0.03463620627067364
0.68063415485656;0.0;0.03463620627067364
0.6789294376519114;0.0;0.03463620627067364
0.6772332331032653;0.0;0.03463620627067364
0.678924163701;0.0;0.03463620627067364
0.6907725218479702;0.0;0.03463620627067364
0.6789179116536294;0.0;0.03463620627067364
0.6705342769876202;0.0;0.03463620627067364
0.673859015575269;0.0;0.03463620627067364
0.6636724204308642;0.0;0.03463620627067364
0.6772136361312059;0.0;0.03463620627067364
0.6772104533823067;0.0;0.03463620627067364
0.6755227462017452;0.0;0.03463620627067364
0.6620092297555464;0.0;0.03463620627067364
0.6772010984143012;0.0;0.03463620627067364
0.6890236628986738;0.0;0.03463620627067364
0.6755102615722962;0.0;0.03463620627067364
